"logFC"	"logCPM"	"LR"	"PValue"	"FDR"	"Gene"
"gene-89234"	2.23100808767671	2.8270739923414	77.7677746614757	1.15895638844799e-18	1.23266601475328e-14	"gene-89234"
"gene-237881"	2.52142453308525	2.86872115611562	74.3827929844411	6.43474358694871e-18	3.42199663953932e-14	"gene-237881"
"gene-224593"	11.3735476720202	2.11339259305286	62.8967993173577	2.17825914596001e-15	7.72265475881022e-12	"gene-224593"
"gene-225030"	8.76219452680247	6.36632865731678	60.4762547284622	7.44714243776643e-15	1.98019517420209e-11	"gene-225030"
"gene-224875"	13.1597574315938	10.9820207698893	59.6788546336065	1.11669938430674e-14	2.3754429302973e-11	"gene-224875"
"gene-395080"	11.5280721695281	3.68222224064562	59.1052847531299	1.4945731011322e-14	2.43505622127071e-11	"gene-395080"
"gene-430263"	10.1669541208855	3.01320303074942	58.9679483770215	1.60261315803827e-14	2.43505622127071e-11	"gene-430263"
"gene-395143"	9.72827261631554	3.44742377012916	57.6032439555484	3.2069625362368e-14	4.26365669192683e-11	"gene-395143"
"gene-371957"	-3.83914012083582	-1.17056603244684	57.2801061421782	3.77959002330874e-14	4.46663549865686e-11	"gene-371957"
"gene-224697"	11.1441434084713	9.70547538243951	56.5967140202007	5.35011721546167e-14	5.69038467036503e-11	"gene-224697"
"gene-224956"	9.16115216296095	8.37238281211759	55.3495144810104	1.00894785985993e-13	9.7556085795184e-11	"gene-224956"
"gene-220249"	6.11759273473875	3.15852535297632	53.2323030052087	2.96345243407684e-13	2.4891123880421e-10	"gene-220249"
"gene-120952"	2.58953969835553	5.00847629332133	53.1806874418885	3.04235248632449e-13	2.4891123880421e-10	"gene-120952"
"gene-224896"	13.1827923229604	4.56040307022675	52.715021763889	3.85630333789935e-13	2.92968873584982e-10	"gene-224896"
"gene-219019"	2.2408178396208	1.57145619498892	52.1504555429579	5.14069247106399e-13	3.64509367481577e-10	"gene-219019"
"gene-90157"	10.1885459537757	5.34233891903714	51.7362248607757	6.34806441062281e-13	4.21987581696151e-10	"gene-90157"
"gene-224968"	11.1978712161303	3.52789960956353	49.9486549455385	1.57822224586049e-12	9.87410106292479e-10	"gene-224968"
"gene-225720"	9.30943217715363	2.52149555284312	49.7455032350508	1.75038904334651e-12	1.03428543694631e-09	"gene-225720"
"gene-224743"	10.7869710098175	2.55454216589392	49.4605364627914	2.02402545633817e-12	1.10908991642452e-09	"gene-224743"
"gene-84970"	4.5671472883829	0.428151569581762	49.4018023267672	2.08553951941428e-12	1.10908991642452e-09	"gene-84970"
"gene-225236"	8.85494796698296	2.74743589835888	48.2907605027883	3.67479632356562e-12	1.86119684273543e-09	"gene-225236"
"gene-225325"	6.32092423258328	3.35201675647693	47.2683270343636	6.19044647851125e-12	2.99279948842935e-09	"gene-225325"
"gene-240833"	11.0602490362179	5.47007232150818	46.6767711985538	8.37154708131994e-12	3.61273049841892e-09	"gene-240833"
"gene-240910"	12.8462597722455	4.31466299448898	46.655533192288	8.46276890485235e-12	3.61273049841892e-09	"gene-240910"
"gene-225173"	11.2937468231608	3.04679936610041	46.6488336251662	8.49175088947659e-12	3.61273049841892e-09	"gene-225173"
"gene-225140"	11.664156879505	4.01972328117184	46.0373101442811	1.16022229568293e-11	4.74620166803216e-09	"gene-225140"
"gene-224369"	5.78851443206538	0.371470217432963	45.1502849282188	1.82479153441308e-11	6.97785701629927e-09	"gene-224369"
"gene-222350"	11.5199092325414	2.90501066139187	45.137259808155	1.83696875194039e-11	6.97785701629927e-09	"gene-222350"
"gene-224682"	11.3475201706781	3.04203974857567	44.8106990590031	2.17033554178037e-11	7.93917125265103e-09	"gene-224682"
"gene-224860"	8.56078750316638	11.7192710325605	44.7494223724631	2.23932998852511e-11	7.93917125265103e-09	"gene-224860"
"gene-428738"	11.2610804347092	6.4616082848027	44.1940903362822	2.97377703315317e-11	1.02029330724571e-08	"gene-428738"
"gene-224357"	11.1809124371204	5.2073910234951	43.4436319186933	4.3634934444209e-11	1.4503161335894e-08	"gene-224357"
"gene-240623"	9.9395694105692	3.72751499234777	42.9920465280684	5.49628546582224e-11	1.71031781517613e-08	"gene-240623"
"gene-223491"	-3.83797612768805	1.34846998998274	42.9827353074564	5.52250670527932e-11	1.71031781517613e-08	"gene-223491"
"gene-225709"	12.5440238193952	4.33421318100097	42.9456602236689	5.62816129476915e-11	1.71031781517613e-08	"gene-225709"
"gene-241055"	9.45761934650898	3.69236461410818	42.0789335509566	8.76624930576609e-11	2.58993965600356e-08	"gene-241055"
"gene-240929"	12.5161507823505	4.41678910498956	41.6336645978589	1.10081332381696e-10	3.11380141221768e-08	"gene-240929"
"gene-222332"	12.4577293406644	6.44227896759804	41.6130356375549	1.11249016231922e-10	3.11380141221768e-08	"gene-222332"
"gene-222600"	11.7878890569053	7.04132916583755	40.9020120599965	1.6005626888647e-10	4.32332005020987e-08	"gene-222600"
"gene-222531"	12.0181960036026	3.94004830683983	40.8712938862816	1.62591953749901e-10	4.32332005020987e-08	"gene-222531"
"gene-224782"	9.16671909129352	3.49594755055853	40.715756241432	1.7606182824925e-10	4.56730147624151e-08	"gene-224782"
"gene-403809"	9.57416198664528	8.26841344904062	40.130892796311	2.37503186273448e-10	6.01448545048665e-08	"gene-403809"
"gene-220028"	2.3273997736505	3.51282073909284	39.7966861690265	2.81822861436733e-10	6.97085570753742e-08	"gene-220028"
"gene-224845"	7.69296958256784	0.302863275634969	39.716336051206	2.93658903091992e-10	7.09853657565098e-08	"gene-224845"
"gene-322912"	11.0674843847997	2.30155851502254	39.6497892755982	3.03837502058292e-10	7.18136815975999e-08	"gene-322912"
"gene-225107"	9.27090566370287	1.54182015425699	39.1180127736621	3.98946215488276e-10	9.22433032159413e-08	"gene-225107"
"gene-224227"	9.80414811727173	3.54771039345853	38.6018040459877	5.19708639029653e-10	1.17608959249349e-07	"gene-224227"
"gene-224277"	8.40244168097955	-0.166279356910178	38.4051983146572	5.74790850449332e-10	1.27364072612065e-07	"gene-224277"
"gene-430080"	10.4772929662683	2.18610536508621	38.2114129813072	6.34800447170892e-10	1.37790562369584e-07	"gene-430080"
"gene-225629"	8.55117714925759	3.05276874276712	38.158539052506	6.52236835566486e-10	1.38743819661703e-07	"gene-225629"
"gene-222486"	11.8376735566906	5.30254890436365	38.0740301361338	6.81106740471584e-10	1.42044142973642e-07	"gene-222486"
"gene-392290"	11.6377391294779	7.18651355548269	37.5217721303469	9.03982571703184e-10	1.84899204473751e-07	"gene-392290"
"gene-218301"	-4.03171838504135	1.98142548481389	37.365186629159	9.79551341446654e-10	1.96575623917483e-07	"gene-218301"
"gene-222365"	11.6971281186024	4.65792895387201	36.8542598535201	1.2729764767729e-09	2.50729218647344e-07	"gene-222365"
"gene-227308"	2.28855253397241	4.38986834975736	36.5572981236809	1.48243892912342e-09	2.86676735457395e-07	"gene-227308"
"gene-240983"	10.2371969244597	2.66219599876373	36.2800368208246	1.70905553574891e-09	3.24598476396882e-07	"gene-240983"
"gene-222344"	9.0814309083107	0.984589966218426	36.1908499213903	1.7890860931145e-09	3.33837187480103e-07	"gene-222344"
"gene-240691"	8.72201963844374	4.56460526784458	35.7892006666646	2.19863242534891e-09	4.0318369786226e-07	"gene-240691"
"g14784"	5.09411844169226	2.723363912099	35.593309100912	2.43121174164138e-09	4.38277425154199e-07	"g14784"
"gene-225158"	9.36372296503971	1.94052884990776	35.5071662126686	2.54113959720088e-09	4.50459345930476e-07	"gene-225158"
"gene-241108"	10.889311990323	2.65327199711367	34.9440981909251	3.39308315150937e-09	5.91620203269732e-07	"gene-241108"
"gene-124877"	-9.77143975251962	0.621323253221049	34.8832973014532	3.50071149605896e-09	6.0054141084005e-07	"gene-124877"
"gene-222519"	10.7432632697228	3.18753161008775	34.8060887571663	3.64232567454059e-09	6.14917077371646e-07	"gene-222519"
"gene-225738"	7.59723875559605	2.76350466313644	34.7070871357778	3.83233881191606e-09	6.368868063053e-07	"gene-225738"
"gene-390616"	8.17501264789786	4.08204781006052	34.5812852731214	4.08817879114775e-09	6.63496839342091e-07	"gene-390616"
"gene-222383"	10.8296137887218	5.33250942977472	34.5675045827499	4.11722371160004e-09	6.63496839342091e-07	"gene-222383"
"gene-241126"	11.2653173927202	5.43632294170012	34.4814421942335	4.30334725841269e-09	6.77264765962189e-07	"gene-241126"
"gene-224614"	7.62182164329415	0.602783947163202	34.4694189776426	4.33001166655029e-09	6.77264765962189e-07	"gene-224614"
"gene-227284"	2.65107039863704	0.83647213542471	34.152713685863	5.09521375712033e-09	7.75440896980775e-07	"gene-227284"
"gene-431701"	9.1636708092251	3.58044402495365	34.1495502762567	5.10350345888062e-09	7.75440896980775e-07	"gene-431701"
"gene-225635"	7.33101056100003	1.42722391895308	33.1203137284719	8.66289300627817e-09	1.29772577485598e-06	"gene-225635"
"gene-120660"	1.35060392072388	6.43743755161711	32.5935113607408	1.135933497566e-08	1.67802620557111e-06	"gene-120660"
"gene-326849"	11.8205006587893	4.24465190185676	32.5051887421856	1.18874722763245e-08	1.73198842645188e-06	"gene-326849"
"gene-222555"	8.88086412782499	0.970232334754876	32.2605207015423	1.3482508173347e-08	1.93783725583404e-06	"gene-222555"
"gene-224201"	8.83661845294087	3.38395062742913	32.1200471712274	1.44934027972236e-08	2.05535776201694e-06	"gene-224201"
"gene-221953"	7.39567573999514	-0.0752964097919308	31.8388935901499	1.67504739044039e-08	2.34418474272684e-06	"gene-221953"
"gene-421265"	2.72294325549637	3.26845198013004	31.3011716283144	2.20946262644984e-08	3.05192785648318e-06	"gene-421265"
"gene-391198"	10.0863959919439	2.43950587533339	31.1351659017138	2.4067154555026e-08	3.28177251086227e-06	"gene-391198"
"gene-127740"	-0.879895373553431	5.04810213105231	30.8811661420171	2.74321089879611e-08	3.69326469868296e-06	"gene-127740"
"gene-265224"	2.59156678483716	5.3611792481371	30.7627131297453	2.91587212953851e-08	3.87665199622145e-06	"gene-265224"
"gene-231854"	-1.2377273337224	4.80734889809426	30.6139377133535	3.14824018425122e-08	4.13391143206123e-06	"gene-231854"
"gene-222501"	7.93459964843782	0.34230822401559	30.4903433067508	3.35532530370748e-08	4.3521024305162e-06	"gene-222501"
"gene-239506"	-1.26334275320337	5.16031808121034	30.3245709240289	3.65466869080368e-08	4.67000261767158e-06	"gene-239506"
"gene-288660"	-0.9448797779339	6.58013164799724	30.3068395547835	3.68823072475003e-08	4.67000261767158e-06	"gene-288660"
"gene-428765"	10.5939973784343	3.19357489775312	30.2349627180744	3.82747221920137e-08	4.7892934733442e-06	"gene-428765"
"gene-84949"	3.65992147366206	4.80144228973925	29.6254415368913	5.24124755905427e-08	6.48208244629084e-06	"gene-84949"
"gene-323148"	10.1208513866187	3.99611554271678	29.4860755696212	5.63198806169161e-08	6.8852672441554e-06	"gene-323148"
"gene-407253"	3.6650379090673	-0.908427678082869	28.9528853870881	7.41602644436567e-08	8.96327923434923e-06	"gene-407253"
"gene-217099"	5.69829580966337	3.90880322992061	28.7400253138539	8.27751548886532e-08	9.89209603815411e-06	"gene-217099"
"gene-430068"	7.50076042905712	4.44700824652782	28.6878851504501	8.50340339967167e-08	1.0049133173212e-05	"gene-430068"
"gene-214979"	1.43738004535943	4.92459479406072	28.535094090305	9.20154757561225e-08	1.07546879136497e-05	"gene-214979"
"gene-429522"	-10.4594633061533	6.22005981661498	28.3140512546456	1.03144559007139e-07	1.1924407930434e-05	"gene-429522"
"gene-430314"	8.73846374768156	0.847936492545227	27.9333514826866	1.25566687358989e-07	1.43605084596796e-05	"gene-430314"
"gene-222430"	10.03854089374	4.42047015299537	27.7794826111267	1.3596036651331e-07	1.53837708322932e-05	"gene-222430"
"gene-428756"	6.92380097911003	-0.843696575059586	27.7456243401501	1.3836079531542e-07	1.54905833576295e-05	"gene-428756"
"gene-240935"	7.7070580879708	-0.0798714066776331	27.6207330901713	1.47588297477968e-07	1.63515534580799e-05	"gene-240935"
"gene-238849"	1.90345562177996	4.68189157603586	27.5342215165364	1.54339332288925e-07	1.69232282291238e-05	"gene-238849"
"gene-81427"	7.48457625198807	5.09346660254225	27.3873822607543	1.66514173316476e-07	1.80718851774902e-05	"gene-81427"
"gene-240638"	7.65774088799796	-0.231325663047761	27.2785067679211	1.76158707682363e-07	1.89254951000971e-05	"gene-240638"
"gene-124865"	-9.02597557183729	0.544055257784255	27.2010409307153	1.83359927212673e-07	1.95021618583399e-05	"gene-124865"
"gene-392224"	8.85302126137586	2.83133567073668	27.1418971325588	1.89055930587241e-07	1.99088997794643e-05	"gene-392224"
"gene-80359"	5.16036785195684	3.92383224504269	26.9450503605298	2.0932250638339e-07	2.18270017440562e-05	"gene-80359"
"gene-370487"	8.81707752534874	0.394775295018085	26.5157783125649	2.61394386186218e-07	2.69921426356953e-05	"gene-370487"
"gene-5731"	1.66591129156064	3.19083326478794	26.4491245371844	2.70571078464883e-07	2.76710960630048e-05	"gene-5731"
"gene-241001"	8.42258729177731	2.70378651232098	26.3704468091624	2.81819655560355e-07	2.85469891099042e-05	"gene-241001"
"gene-240871"	8.67498096236167	4.87288781443113	25.9993919598859	3.41524904139542e-07	3.42684800040394e-05	"gene-240871"
"gene-403902"	5.07427234377645	0.908733736028318	25.668184953449	4.05456630010968e-07	4.03031468859501e-05	"gene-403902"
"gene-87554"	-2.15117184501881	3.31610152287737	25.5744507560273	4.25638060578353e-07	4.19174667806608e-05	"gene-87554"
"gene-81572"	13.5635943176887	8.81723707089261	25.4217097400635	4.60704245997722e-07	4.49545904626768e-05	"gene-81572"
"gene-119161"	1.68943330582854	3.9499844631281	25.2742374602505	4.97306928030931e-07	4.8085058968518e-05	"gene-119161"
"gene-224307"	6.98513508683025	0.212883936000974	25.1484880866478	5.30812529179308e-07	5.0489707582141e-05	"gene-224307"
"gene-326909"	8.63246247524163	2.3726624344186	25.1413646328673	5.32776903999164e-07	5.0489707582141e-05	"gene-326909"
"gene-241682"	0.87750519603013	4.64132836571518	25.1282318683702	5.36417540126169e-07	5.0489707582141e-05	"gene-241682"
"gene-242512"	6.48222757005416	-0.213810985658406	24.9888973475496	5.76613998037708e-07	5.37970744134128e-05	"gene-242512"
"gene-242595"	5.74625934886492	1.11545365337151	24.8348070520963	6.24593852203835e-07	5.77667844525216e-05	"gene-242595"
"gene-403851"	8.5441698574007	0.211450284106906	24.7813705669844	6.42151133994621e-07	5.88786160445413e-05	"gene-403851"
"gene-268146"	-3.31308917644582	-0.0667309729043713	24.4412361151911	7.66112148070665e-07	6.96441778365777e-05	"gene-268146"
"gene-39545"	-7.64533407672019	5.2817289416859	24.3555121498266	8.00972228476093e-07	7.21961069667095e-05	"gene-39545"
"gene-430032"	9.48320017368166	4.44605353315781	24.2064435418027	8.65422558109796e-07	7.73498683029898e-05	"gene-430032"
"gene-392248"	7.62148385663154	-0.434514536408613	24.1730738756325	8.80548146456865e-07	7.80459173809602e-05	"gene-392248"
"gene-130096"	-7.94607015701265	6.46056228998616	24.0688251670455	9.29530472580504e-07	8.17064967468284e-05	"gene-130096"
"gene-240602"	9.05264153497364	4.22027865668946	24.0123347141622	9.57205162252433e-07	8.34494598829253e-05	"gene-240602"
"gene-225355"	1.9118166257677	0.679543710374425	23.9260158997114	1.00109716485578e-06	8.65664182553337e-05	"gene-225355"
"gene-204669"	-5.76615272997648	1.54872345694479	23.6680008411893	1.14470140032548e-06	9.81858394666271e-05	"gene-204669"
"gene-263313"	1.35767625342872	2.02563593386751	23.3438565630503	1.35475512247057e-06	0.000115273403860776	"gene-263313"
"gene-326873"	10.086293983229	1.86249759195054	23.2621181264951	1.41356959011377e-06	0.000119323223495635	"gene-326873"
"gene-81750"	1.51169234544491	2.68345540257882	23.1230649865708	1.51956924689119e-06	0.000127260933149092	"gene-81750"
"gene-282437"	6.91274484484092	1.46692773467155	23.021042383234	1.60237909214882e-06	0.000133147687688241	"gene-282437"
"gene-375015"	-7.32303333282309	3.71893716141693	22.8207063303992	1.77839316323963e-06	0.000146627827009432	"gene-375015"
"gene-88032"	-2.64245765134874	5.35594718458371	22.6845899514154	1.90892648101066e-06	0.00015617955424638	"gene-88032"
"gene-391222"	7.50703985983601	2.76367860623868	22.5228133561881	2.07662687611996e-06	0.000167599450096968	"gene-391222"
"gene-403700"	11.9928006207217	4.65960729203841	22.5196740837154	2.08002326182774e-06	0.000167599450096968	"gene-403700"
"gene-125210"	0.871209574571591	5.60603387656268	22.3891368425382	2.22629685527549e-06	0.00017803679212564	"gene-125210"
"gene-403652"	9.60812690518892	2.43125570724745	22.3461589172483	2.27667956059544e-06	0.000180707192585769	"gene-403652"
"gene-130081"	-7.27222251076974	6.93719059885867	22.2531684216828	2.38964143612421e-06	0.000188268343071238	"gene-130081"
"gene-226245"	2.88621911110352	2.45480746417113	22.0413736693687	2.66836187787745e-06	0.000208681595096357	"gene-226245"
"gene-158197"	-5.93664433004579	3.72890591052574	21.9708121167883	2.76828570921721e-06	0.000214915962067403	"gene-158197"
"gene-227370"	0.977594054386319	4.11982561286703	21.9505490512911	2.79766850768569e-06	0.000215623204693804	"gene-227370"
"gene-221012"	0.719495016773188	5.68213088545379	21.9201557415895	2.84232854557864e-06	0.000217489254753773	"gene-221012"
"gene-403818"	11.4895731900933	5.13170375486031	21.8633860748438	2.92767083981734e-06	0.000222419336087838	"gene-403818"
"gene-390687"	8.36271657486889	3.7415253068998	21.8079954448248	3.01341768271557e-06	0.000227310003357183	"gene-390687"
"gene-322927"	6.35352651324313	2.63724488738875	21.7650448490885	3.08163768792429e-06	0.000230694420810492	"gene-322927"
"gene-240860"	8.25639463916611	1.64539065577838	21.7526172866474	3.10166436403726e-06	0.000230694420810492	"gene-240860"
"gene-428774"	5.91691573174474	-1.25853713098849	21.6710327622856	3.23641780461963e-06	0.000239045415068989	"gene-428774"
"gene-390956"	6.75449359363743	5.33232507546529	21.4612896290833	3.61044030309343e-06	0.000264832021128977	"gene-390956"
"gene-80466"	11.2423450323412	3.34145855318055	21.4471733016229	3.63711804895945e-06	0.00026496155868995	"gene-80466"
"gene-266896"	2.43039084827032	-0.737905545799661	21.3739244666714	3.77875676058503e-06	0.000273407189833894	"gene-266896"
"gene-215103"	2.47657458207408	1.28329463344739	21.2977818039139	3.93186210019314e-06	0.000282562738497664	"gene-215103"
"gene-62772"	-2.04050508951819	6.89063041884841	21.2660025370395	3.99758998887895e-06	0.000285358168602124	"gene-62772"
"gene-218086"	2.81914002489684	2.65996786741479	21.2453300582673	4.04093689405463e-06	0.000286529365367767	"gene-218086"
"gene-222737"	-1.98970462297308	0.320440257292729	21.0094665024482	4.57019656916644e-06	0.000321911329203008	"gene-222737"
"gene-301479"	4.91437825191358	2.61486244782222	20.9440403991295	4.72896684202333e-06	0.000329873755613616	"gene-301479"
"gene-330102"	1.40984517425373	4.07465339650063	20.9374476812786	4.7452693314106e-06	0.000329873755613616	"gene-330102"
"gene-143368"	-6.1731142341422	7.19702918558826	20.8858538163463	4.87481413068323e-06	0.000334514181403213	"gene-143368"
"gene-38977"	-4.03356261249943	0.88095008453806	20.885810406836	4.87492460675987e-06	0.000334514181403213	"gene-38977"
"gene-390678"	6.40431113688599	1.201860501404	20.628617100666	5.57564316336882e-06	0.0003801444915743	"gene-390678"
"gene-323803"	1.86383573232335	6.84954203205229	20.581826924984	5.71359259605376e-06	0.000387068604150495	"gene-323803"
"gene-115312"	-4.93718329339734	3.9422907745925	20.2371162323009	6.84126367873513e-06	0.000460529623335613	"gene-115312"
"gene-403706"	10.1550694051373	2.16382920891103	20.1778669339183	7.05646929449498e-06	0.000472028977460683	"gene-403706"
"gene-223758"	-11.1909974693051	5.44979608658217	20.081498116576	7.42111374490344e-06	0.000493318536192456	"gene-223758"
"gene-224890"	4.65880203309462	0.780881476651808	19.751554119051	8.81899518757435e-06	0.000582601446056154	"gene-224890"
"gene-241886"	-2.26418421686677	0.839476765365339	19.7109647942325	9.00830111115271e-06	0.000588867833499408	"gene-241886"
"gene-149137"	-5.55887676688785	5.21339054095374	19.7075140190246	9.02458225464494e-06	0.000588867833499408	"gene-149137"
"gene-286732"	-4.96504766836129	5.47690903856734	19.6873238025514	9.12043581654714e-06	0.000591493630151191	"gene-286732"
"gene-223419"	-4.37538052254474	8.31374171517702	19.6582978240423	9.26003129964258e-06	0.000596907229715142	"gene-223419"
"gene-392159"	8.43234616180541	0.666733688528774	19.5165020045527	9.97343638468839e-06	0.000639020899924974	"gene-392159"
"gene-395158"	5.52478003579052	1.63903411369861	19.3112357573903	1.11050945029194e-05	0.000707268174449403	"gene-395158"
"gene-398993"	7.63261094201034	-0.207051053942017	19.2101500910905	1.17089162665549e-05	0.000741285913161181	"gene-398993"
"gene-82722"	1.54816898857559	3.91673232355476	18.995383802776	1.31035080508469e-05	0.000824668116146794	"gene-82722"
"gene-260693"	9.7492814836332	3.33145514690837	18.8792569041272	1.39258732487927e-05	0.000871268163965643	"gene-260693"
"gene-166391"	-7.14366377537824	7.13849780175141	18.7777553838328	1.46870201298655e-05	0.000913515474276311	"gene-166391"
"gene-231604"	-3.63549342279058	-1.06591189316194	18.6510238975261	1.5696295618375e-05	0.000970615117424632	"gene-231604"
"gene-403878"	7.94837547973063	0.410900829028082	18.6043246115902	1.60855234878319e-05	0.000988934264835726	"gene-403878"
"gene-220544"	4.96243322400843	-0.586157248304257	18.5534634822248	1.65204777772297e-05	0.00100983794045181	"gene-220544"
"gene-64491"	1.77034960759527	1.78204781899468	18.4262475427991	1.7660847031124e-05	0.00107337582298877	"gene-64491"
"gene-219157"	1.60273874912881	1.20661539905015	18.4021109347921	1.78859726133541e-05	0.0010808818449752	"gene-219157"
"gene-65889"	1.58247050176669	4.60561230657654	18.3390157405795	1.84881827992377e-05	0.00111020661184579	"gene-65889"
"gene-392186"	6.80929699113795	8.86426190022687	18.3295785688475	1.85799903073101e-05	0.00111020661184579	"gene-392186"
"gene-370643"	6.25345504312153	1.33446905848303	18.2544357125039	1.93275343204588e-05	0.00114842265381229	"gene-370643"
"gene-161821"	-3.83779528294221	2.15050151288162	18.214522424604	1.97368158375781e-05	0.00116622651804711	"gene-161821"
"gene-390637"	7.17519272247336	2.08361247050524	18.105390516753	2.09008889803024e-05	0.00122818704527346	"gene-390637"
"gene-120832"	-2.48893697114362	3.92238887428289	18.086363770388	2.11107910952837e-05	0.00123370535213977	"gene-120832"
"gene-232048"	-2.44626152554911	3.13798316532818	18.0571696766745	2.14369842119567e-05	0.00124592220807853	"gene-232048"
"gene-385446"	4.9006531190853	-0.269172254699572	17.6767278490094	2.61810257385133e-05	0.00151337711823276	"gene-385446"
"gene-334528"	4.62389770082479	-0.995971479509396	17.4632565972229	2.92914522403592e-05	0.00168402100555925	"gene-334528"
"gene-227002"	1.94908067252357	-0.250123998850618	17.4473864263883	2.9537010256605e-05	0.00168900882306049	"gene-227002"
"gene-57689"	1.8513189871104	1.56052769297882	17.3993742126639	3.02925692027965e-05	0.0017229506205398	"gene-57689"
"gene-411056"	7.70721405134598	2.33955199812934	17.3888934310904	3.04600691688083e-05	0.00172326221106088	"gene-411056"
"gene-270956"	2.11134531262618	3.24098296591245	17.3093465519873	3.17620756843935e-05	0.00178741501047201	"gene-270956"
"gene-216914"	2.47418317590255	1.23840230393963	17.2692666078903	3.24391422123692e-05	0.00181590903458294	"gene-216914"
"gene-426056"	-1.49648321928132	3.89278317842884	17.2436731934672	3.28790592931826e-05	0.0018308988201167	"gene-426056"
"gene-75424"	-2.01586670802256	2.61934908844642	17.1552733787638	3.444518095926e-05	0.00190811950355567	"gene-75424"
"gene-188501"	-1.39257530362538	3.89379981125847	17.1131260097197	3.521806348888e-05	0.00194082550915921	"gene-188501"
"gene-40003"	-2.68080615225394	4.91667291148566	17.0574581354467	3.62656629578476e-05	0.00198825562484364	"gene-40003"
"gene-414838"	-3.38055681927241	4.34314306800032	16.9512156202542	3.83527536428567e-05	0.00209189686023295	"gene-414838"
"gene-64470"	1.4213911602263	4.16955651888856	16.8712329792929	4.00032905858907e-05	0.00216936873763081	"gene-64470"
"gene-290138"	-0.879451319825643	5.82041759874219	16.8628177111639	4.01810493901156e-05	0.00216936873763081	"gene-290138"
"gene-5124"	2.16410787307716	4.49318505743006	16.793171099179	4.16830361670011e-05	0.00223909481147588	"gene-5124"
"gene-370323"	4.50415323131726	0.961972667852152	16.7614883711472	4.23848557518236e-05	0.00226535339586128	"gene-370323"
"gene-372264"	-0.846474461323205	3.82993806840046	16.7324507722502	4.30385109604076e-05	0.00228878801287448	"gene-372264"
"gene-100036"	-4.06468457965566	3.92962965587148	16.6923260316403	4.3958456770336e-05	0.00232608032939947	"gene-100036"
"gene-264249"	0.837150536095835	6.96928359104168	16.6356896932479	4.5290715521858e-05	0.00238471312024991	"gene-264249"
"gene-361221"	2.53655130880802	0.145207988398564	16.595964111639	4.62493354624102e-05	0.00242319178314381	"gene-361221"
"gene-118620"	0.759601693737482	5.15575307473685	16.562739838758	4.70667208838786e-05	0.00245392962412222	"gene-118620"
"gene-68612"	-2.34612238839566	4.81725111120754	16.5239244496158	4.80400759620433e-05	0.00249245974601118	"gene-68612"
"gene-224079"	-5.3090940027813	-0.458968399393054	16.4550226229972	4.98180198142254e-05	0.00257215756671894	"gene-224079"
"gene-425532"	1.82496718633914	3.93530002827345	16.4166111539065	5.08377625195113e-05	0.00260105894940355	"gene-425532"
"gene-77835"	-2.22249751308068	2.08765976413317	16.4109347333191	5.09902292468763e-05	0.00260105894940355	"gene-77835"
"gene-303243"	1.47256726239149	4.1440311665944	16.4064339985802	5.11114441919277e-05	0.00260105894940355	"gene-303243"
"gene-90428"	1.67409308863978	1.69843236586264	16.3668954888835	5.21888369550487e-05	0.00264324033263761	"gene-90428"
"gene-39770"	-5.19522326117022	5.72509998276185	16.2733910580014	5.48285154499409e-05	0.00275761581978024	"gene-39770"
"gene-215608"	-1.2393125077709	1.82018700234112	16.2686582094907	5.49656406349577e-05	0.00275761581978024	"gene-215608"
"gene-39533"	-3.61290001881991	3.58723954116556	16.2002507952017	5.69865712624365e-05	0.00283526121539956	"gene-39533"
"gene-347681"	-1.40402238133579	5.48403024672677	16.1982617851324	5.70464366392917e-05	0.00283526121539956	"gene-347681"
"gene-414353"	-5.18862628342513	5.18055312862064	16.0679981879218	6.11080288166041e-05	0.00302299997438791	"gene-414353"
"gene-350813"	2.56163646376974	2.07550162903421	15.9589021762465	6.47326377319861e-05	0.00318447052827934	"gene-350813"
"gene-311581"	-3.22008589952269	2.21471763575804	15.9519485828631	6.49708635423671e-05	0.00318447052827934	"gene-311581"
"gene-68558"	0.921466368280636	6.05488953012815	15.9162970985907	6.62061831323827e-05	0.00323013286144965	"gene-68558"
"gene-328764"	3.15744569895254	5.62876084185389	15.9024980871643	6.6690634693541e-05	0.00323891137260503	"gene-328764"
"gene-401486"	2.38661215992587	0.250310992079474	15.8105653760935	7.00104767968205e-05	0.0033735647455013	"gene-401486"
"gene-239553"	-1.19132430976641	2.08708561960171	15.8082129154021	7.00975750992655e-05	0.0033735647455013	"gene-239553"
"gene-222159"	2.89852828583893	4.99591394202774	15.7154892318016	7.3618842114837e-05	0.00352707209339372	"gene-222159"
"gene-16790"	-1.47030447824461	3.98002713410075	15.7031599471159	7.41002724829193e-05	0.0035342174803961	"gene-16790"
"gene-76284"	1.26561790482662	4.15474809718899	15.6422614447264	7.65250832807326e-05	0.00363057469967012	"gene-76284"
"gene-431030"	3.35796168281226	1.62567191979991	15.6353999743259	7.68032443988132e-05	0.00363057469967012	"gene-431030"
"gene-421549"	0.949211621582866	5.63113851106344	15.4526690783071	8.45973864548152e-05	0.00398131770943989	"gene-421549"
"gene-428747"	6.61062877850954	1.12498649244098	15.3799053826912	8.79183036066171e-05	0.00411937919453735	"gene-428747"
"gene-88458"	1.40810052401663	3.51658763767989	15.326288596373	9.04490292289495e-05	0.00421936787227678	"gene-88458"
"gene-237378"	1.11529105481423	6.0254106376671	15.2249916883528	9.54320939527109e-05	0.00443238319336696	"gene-237378"
"gene-236155"	-2.71012532831958	2.84939605728084	15.1368639538094	9.99915931449972e-05	0.00462395906387039	"gene-236155"
"gene-326882"	7.70772733633645	2.68644486697521	15.0070580512647	0.000107109826524795	0.0049261429967342	"gene-326882"
"gene-223554"	-3.35457242466295	-1.55068063724066	15.001029582473	0.000107452536220603	0.0049261429967342	"gene-223554"
"gene-84577"	1.45137241541938	3.18416649621475	14.7869087565006	0.00012036822231384	0.00549457687781116	"gene-84577"
"gene-333720"	1.4112637785099	2.54225360931598	14.7490688959367	0.000122808157733462	0.00556699591553322	"gene-333720"
"gene-217258"	-1.21885352887908	8.09228233703858	14.7461027471932	0.000123001508099878	0.00556699591553322	"gene-217258"
"gene-67440"	-3.72648476212059	-0.530423498262699	14.7270117797523	0.000124253320154083	0.00559982336084249	"gene-67440"
"gene-371230"	6.43843128981927	0.353872448485999	14.5593522299487	0.000135812855154699	0.00609496003133073	"gene-371230"
"gene-234575"	2.09809112438668	3.29760694623557	14.5235994500148	0.000138414697278254	0.00618562487500633	"gene-234575"
"gene-407714"	2.44337090322589	6.90198401737252	14.365729499529	0.000150516964722334	0.00669831981919142	"gene-407714"
"gene-329031"	-0.893122879193945	5.37543512736423	14.3179524840532	0.000154385506992525	0.00684185105155208	"gene-329031"
"gene-243308"	1.3369242235188	4.07924294740436	14.2104788231862	0.000163457724122339	0.00721384379155685	"gene-243308"
"gene-230270"	-1.07296549423362	6.90364703845253	14.197685987863	0.000164572772819652	0.00723304137070171	"gene-230270"
"gene-416801"	1.61144301606637	1.01341376808163	14.0992908998927	0.00017340914252112	0.00759003967018365	"gene-416801"
"gene-250269"	0.932251950092276	5.17888549621812	14.0068067713664	0.000182150039532141	0.00793084714960464	"gene-250269"
"gene-83083"	-1.36778257553403	2.6805083305721	13.9914704745458	0.000183641826534092	0.00793084714960464	"gene-83083"
"gene-221469"	1.85680530748597	2.03189876612487	13.9911093952698	0.00018367709720694	0.00793084714960464	"gene-221469"
"gene-370562"	5.49175766404981	1.03947927888313	13.9859870326534	0.000184178191608908	0.00793084714960464	"gene-370562"
"gene-233901"	-3.9660534393329	3.24921783057663	13.9414023986816	0.000188598247251226	0.00808843128130661	"gene-233901"
"gene-346228"	-1.92606136018158	6.81974459037736	13.8550349388834	0.000197466946526895	0.00843477286449821	"gene-346228"
"gene-328257"	2.60447048314634	-0.557145150160528	13.8371709521268	0.000199353127232717	0.008451396194508	"gene-328257"
"gene-122220"	-6.01113742682915	5.47103437686681	13.8363021473155	0.000199445322002774	0.008451396194508	"gene-122220"
"gene-152552"	-3.7436442074773	2.70964276120593	13.8111163765617	0.000202136708195659	0.00853145249352787	"gene-152552"
"gene-90190"	-1.84869803897904	5.94108102450901	13.5619522641917	0.00023081689624855	0.00970343283991928	"gene-90190"
"gene-71572"	-1.24166882433642	7.76303460099802	13.5099491746541	0.000237301967010216	0.00991988396692267	"gene-71572"
"gene-218813"	0.716905025750126	5.76454413890193	13.5057703678938	0.000237830990181016	0.00991988396692267	"gene-218813"
"gene-215313"	2.44172359982903	4.23677235521497	13.4252101811771	0.000248265200571262	0.0103143741443061	"gene-215313"
"gene-59418"	-3.34700613899559	2.50801438926971	13.4179457080311	0.000249228483930675	0.0103143741443061	"gene-59418"
"gene-324340"	1.42795618113204	1.45391369659466	13.3973343120026	0.000251982151489496	0.0103879153614042	"gene-324340"
"g5814"	1.22747107703993	1.11690785040127	13.3389117418597	0.000259955164738677	0.0106752244484964	"g5814"
"gene-229515"	0.886513170288079	5.74369060606278	13.3281518970755	0.000261451071192509	0.0106953599738597	"gene-229515"
"gene-246615"	-5.28106185979129	2.53466509573089	13.3113942197936	0.000263798135497401	0.0107500267017255	"gene-246615"
"gene-131338"	2.33075349937351	2.09499423175477	13.3026636318501	0.000265029336024375	0.0107589771677681	"gene-131338"
"gene-4295"	3.12460211549224	0.567993558994685	13.2797870884014	0.000268282963359206	0.010849648662694	"gene-4295"
"gene-76019"	-0.999509174799888	7.09004687704227	13.2232932707466	0.000276491378000544	0.0111392511227795	"gene-76019"
"gene-223318"	-4.29554837145725	6.51303441309834	13.1786921231073	0.000283150303863946	0.0113644778562148	"gene-223318"
"gene-406796"	0.852776804945279	4.98026703712977	13.0995531422057	0.000295366225715155	0.011810207431227	"gene-406796"
"gene-55887"	1.51240041611124	3.07085869444481	13.0581057194865	0.000301974689719435	0.0120292239694978	"gene-55887"
"gene-302994"	-1.11928366405166	3.98346873167924	13.0033313642958	0.000310937299205899	0.0123400340087834	"gene-302994"
"gene-294364"	0.883393342557122	4.35719959550425	12.94720605551	0.000320399311954266	0.0126682791150393	"gene-294364"
"gene-39692"	-4.44763620406106	7.29161454715346	12.9166046422872	0.000325680087290151	0.0128293829941409	"gene-39692"
"gene-327787"	-0.661144156511395	4.84501642442959	12.9078318121537	0.000327210107626041	0.0128420911612936	"gene-327787"
"gene-425293"	3.14229671424003	2.93670560619814	12.8980699945861	0.000328921133383871	0.0128617837304075	"gene-425293"
"gene-377275"	-3.10202337269993	7.27832083722434	12.8803043243172	0.00033205823902402	0.0129368916859321	"gene-377275"
"gene-263126"	-1.49437701545274	5.88115978960245	12.8196392089298	0.000342999859191288	0.0133144032932794	"gene-263126"
"gene-228193"	0.832055616890033	3.11350718254391	12.6901538169076	0.000367586031690205	0.0141789905670171	"gene-228193"
"gene-218529"	-1.65496353487541	5.2549213660811	12.6883581152023	0.000367939206139217	0.0141789905670171	"gene-218529"
"gene-59726"	0.988797588259544	5.26675913150112	12.6569451306008	0.000374173100460574	0.0143671664133526	"gene-59726"
"gene-243630"	1.29569614098071	2.77275693874242	12.629666600684	0.000379672885079945	0.014525902178814	"gene-243630"
"gene-77109"	-2.02474783611663	1.41446725453923	12.6104158641652	0.000383603150391594	0.0146236670522043	"gene-77109"
"gene-223773"	-6.40432188526328	4.58755538791426	12.584058579546	0.00038905095437737	0.0147783783955632	"gene-223773"
"gene-262046"	3.83292404929911	-0.992678375626159	12.5672188376559	0.000392572365510649	0.0148590735927803	"gene-262046"
"gene-241262"	-4.11532194006974	4.25393065227701	12.4962177219983	0.000407776747043431	0.0153798350409714	"gene-241262"
"gene-232275"	0.695594433933261	3.01659719742516	12.4877133877768	0.000409637289256652	0.0153954141644302	"gene-232275"
"gene-336088"	-1.18984254551717	3.82884284877888	12.4592786874606	0.000415920529849061	0.0155765167446289	"gene-336088"
"gene-70385"	-0.584137124885467	5.59403783597441	12.4223093490276	0.000424235312389446	0.015832164149383	"gene-70385"
"g1591"	4.38493546610823	1.13813633961672	12.4095156859693	0.000427151633755335	0.015836636491044	"g1591"
"gene-118985"	4.81435069542631	5.63204133867276	12.408722596764	0.000427333083201355	0.015836636491044	"gene-118985"
"gene-55557"	-1.02104086018806	5.08355669294117	12.3643271431475	0.000437615250219923	0.0161613743102052	"gene-55557"
"gene-84601"	3.33129410986104	2.38908238411792	12.3571972223177	0.000439289680293658	0.0161670762616033	"gene-84601"
"gene-326329"	-4.55494577921721	2.04909321592205	12.337159999676	0.000444030026943264	0.0162851840226502	"gene-326329"
"gene-120329"	-2.65240822631667	7.57904192527338	12.2329359615372	0.0004695325633579	0.0171613345150331	"gene-120329"
"gene-89057"	-0.744735295550798	5.23337701982373	12.1716569188941	0.000485211852204105	0.0176348314084945	"gene-89057"
"gene-88715"	1.28173955301887	2.11065431160543	12.1693840548294	0.000485803460200158	0.0176348314084945	"gene-88715"
"gene-241328"	-3.14942081985951	3.01274375070046	12.0753910488444	0.000510917460101692	0.0184833949171483	"gene-241328"
"gene-286545"	-1.32617019740107	5.78078300090401	12.0465906091779	0.000518871930322647	0.0187075316980057	"gene-286545"
"gene-73629"	2.33185664174628	5.4327212834019	11.9810558890568	0.000537441224279747	0.0192528683869722	"gene-73629"
"gene-111729"	3.85056494108993	0.573525220445532	11.9804440796735	0.000537617705051781	0.0192528683869722	"gene-111729"
"gene-39680"	-3.43642430407651	6.29849274865517	11.9215092100821	0.000554895080114897	0.019804912993631	"gene-39680"
"gene-407735"	4.09066376544735	0.653540162169004	11.8431725968671	0.000578731407055905	0.0205865794162094	"gene-407735"
"gene-62891"	-2.82888346763562	7.55975871399608	11.8168267532081	0.000586978136718485	0.0208103315404594	"gene-62891"
"gene-76179"	-2.34032913345611	3.98333027800422	11.7778828371962	0.000599386156958342	0.0211796384232855	"gene-76179"
"gene-65163"	0.866031562342865	5.67155033160006	11.770904832207	0.000601637259040849	0.0211887877058227	"gene-65163"
"gene-351784"	-0.568765611232915	6.73354493090208	11.7614466035782	0.000604702115202299	0.021226441245187	"gene-351784"
"gene-163826"	-2.13188959908248	2.75380197827869	11.725176275519	0.000616602079976006	0.0215729596138974	"gene-163826"
"gene-48714"	1.59057688827535	2.84855794066617	11.6293097350529	0.000649206424426509	0.0226392115744274	"gene-48714"
"gene-280630"	-1.14618788728367	3.56809601959129	11.4848538386823	0.000701656446685773	0.0243882940096401	"gene-280630"
"gene-2673"	2.13668323080442	3.20606554488679	11.4140002380893	0.000728927117406279	0.0252536443672091	"gene-2673"
"gene-221504"	4.83064691448976	3.32796926115586	11.3323587575856	0.000761680910150199	0.0263027212998621	"gene-221504"
"gene-380406"	1.26192798804292	5.94000159037175	11.3089771207769	0.000771332527813162	0.0265498147761191	"gene-380406"
"gene-122042"	-3.57647507507574	0.0045359252744032	11.2547014468195	0.000794215954908428	0.027249293214213	"gene-122042"
"gene-33966"	-2.45628844175053	0.299559470112476	11.2218834358031	0.000808384126770461	0.0276056530028484	"gene-33966"
"gene-301889"	0.650840885610085	3.53610438406329	11.2173090476646	0.000810379160345045	0.0276056530028484	"gene-301889"
"gene-406603"	-1.39741682747897	2.51145657481919	11.2127122075013	0.00081238899867352	0.0276056530028484	"gene-406603"
"gene-90524"	0.486101463935329	5.39937960801324	11.1919142145402	0.00082154547936776	0.0278278908234251	"gene-90524"
"gene-370842"	6.6914692568117	3.82269297577354	11.1702965782339	0.000831173394570537	0.0280646356338166	"gene-370842"
"gene-126138"	-2.15844523047786	3.4671702529485	11.1045949301818	0.000861140957007996	0.0289844785403071	"gene-126138"
"gene-227137"	-4.74262834727543	6.32864249510612	11.0661659820234	0.000879172858666514	0.0294980521286342	"gene-227137"
"gene-408949"	5.61911404314665	2.39413490837957	10.9819106834274	0.000920055237277982	0.0307726651059391	"gene-408949"
"gene-233537"	2.36043939109191	2.33821599353599	10.9634301744541	0.000929276376559443	0.0309836474642202	"gene-233537"
"gene-265984"	2.63378960906391	6.77136507913359	10.9491521695148	0.00093646454963696	0.0311257404685585	"gene-265984"
"gene-306550"	-1.66938587155614	6.59176195722042	10.9419085284809	0.00094013278465106	0.0311503186839523	"gene-306550"
"gene-417093"	3.70848754664812	-0.548321984995832	10.9269336516623	0.000947762305803659	0.0311961449292798	"gene-417093"
"gene-336688"	-1.21062309466296	5.35021353768676	10.9256302618381	0.000948429321753009	0.0311961449292798	"gene-336688"
"gene-53269"	-1.09042004766539	2.72793317180071	10.9219504261622	0.000950315058018678	0.0311961449292798	"gene-53269"
"gene-399270"	6.82870825424965	6.63377633843833	10.9106968979304	0.000956105499760523	0.0312374617986369	"gene-399270"
"gene-266297"	-3.14149465162716	3.43761782347211	10.9080984323433	0.000957447588036446	0.0312374617986369	"gene-266297"
"gene-240397"	-2.61645778002431	3.4803273620174	10.8905393169917	0.000966566807812453	0.0314385460791843	"gene-240397"
"gene-333008"	1.39889613723044	2.99984264015721	10.8701163859412	0.000977283882416656	0.0316002382406008	"gene-333008"
"gene-370595"	5.04775338746107	2.13537428941235	10.869744573029	0.000977480103531182	0.0316002382406008	"gene-370595"
"gene-421193"	1.22545301719338	4.79836140875285	10.7926110907275	0.00101906037801786	0.0328446247896908	"gene-421193"
"gene-220055"	-0.609008143032291	5.12342345207979	10.781488268612	0.00102520218720948	0.0329427506439881	"gene-220055"
"gene-272164"	2.10880131942057	5.63368500086979	10.7703869086583	0.00103136947586947	0.0330411016426135	"gene-272164"
"gene-421271"	1.18737655069853	4.47992976652356	10.6510904731307	0.00110006027230269	0.035073582727371	"gene-421271"
"gene-84083"	2.70345518269547	1.83171222009605	10.6488257784516	0.00110140810745975	0.035073582727371	"gene-84083"
"gene-211847"	-3.09693948528044	4.00956298836126	10.5568553669342	0.0011575796056269	0.0366690747810266	"gene-211847"
"gene-86738"	-3.02014232905523	1.65769620234971	10.5555358240156	0.00115840627363905	0.0366690747810266	"gene-86738"
"gene-215430"	-0.8465923475283	4.11855147175521	10.5497468254599	0.00116204003292404	0.0366749489322852	"gene-215430"
"gene-114119"	-3.20119448679603	1.2538749965525	10.5350483190897	0.00117131820064563	0.0368584034972394	"gene-114119"
"gene-301847"	3.12219095752668	-0.301918153587319	10.5236881365605	0.00117854043653749	0.0369633937986304	"gene-301847"
"gene-47998"	0.706752853478672	6.78484111093287	10.5188885582673	0.00118160529254742	0.0369633937986304	"gene-47998"
"gene-94359"	0.993794646576923	1.64802034336335	10.4686554816465	0.00121417053322991	0.0378707266610947	"gene-94359"
"gene-24347"	-1.29192932381279	1.5582313454445	10.455530786992	0.00122282770977556	0.0380292266700962	"gene-24347"
"gene-166814"	1.39047052279736	4.54439931866138	10.377809909769	0.0012753889255176	0.039548211696225	"gene-166814"
"gene-412630"	1.58133136417892	-1.44211735398474	10.3347733358877	0.00130547154839241	0.0403633586880863	"gene-412630"
"gene-425173"	-3.10855580338485	7.15133730651992	10.3107163981636	0.00132259930351371	0.0406319903825871	"gene-425173"
"gene-427087"	3.0925567109801	-1.11431676356545	10.3090282886379	0.00132380968904687	0.0406319903825871	"gene-427087"
"gene-272401"	-0.452485450102399	6.98938170079361	10.3065055540541	0.00132562059634804	0.0406319903825871	"gene-272401"
"gene-179860"	-2.27465595780249	5.03613835812195	10.1921013256557	0.00141043496940993	0.0431074319961035	"gene-179860"
"gene-77070"	-0.490447417070594	5.04752003855777	10.1369043715772	0.00145330020880448	0.0442902608047119	"gene-77070"
"gene-266875"	-2.54728001640339	3.81320256927865	10.1035880930999	0.00147980922579061	0.0449692883585971	"gene-266875"
"gene-237273"	-0.778615207400024	3.25100028120835	10.0660301920771	0.00151028094035179	0.0457645244489505	"gene-237273"
"gene-53501"	-0.971388903509556	4.74924164407218	10.0514979564984	0.00152224114172408	0.0459958999527765	"gene-53501"
"gene-407355"	-3.94499625907124	-0.250951391906151	10.0145127994884	0.0015531149483702	0.0467958373678909	"gene-407355"
"gene-424914"	-3.50297357082736	6.18599799662493	10.004457872156	0.00156161754481257	0.0469191079283236	"gene-424914"
"gene-269058"	-0.715300174023842	5.95499064231895	9.98820215784964	0.00157546346485186	0.0472017729920123	"gene-269058"
"gene-263597"	0.610999953911309	4.62478170827061	9.97342466323895	0.00158815818198366	0.0474484562460062	"gene-263597"
"gene-331776"	0.837119324427302	4.54525597706807	9.9583241958057	0.00160123740319618	0.0477052129422818	"gene-331776"
"gene-60631"	-0.854888774837068	2.32989107025741	9.95170711629041	0.0016070030960885	0.0477432539944059	"gene-60631"
"gene-378262"	4.05079136555066	4.18400448030937	9.88974438837931	0.00166202454813472	0.049240370735267	"gene-378262"
