"logFC"	"logCPM"	"F"	"PValue"	"FDR"	"Gene"
"gene-215596"	-0.77195228218032	5.38233964382063	50.5059533606508	3.30502119547569e-09	3.51522054350794e-05	"gene-215596"
"gene-371957"	-4.8995423604601	-1.17056603244684	45.6050031466557	1.21258088108075e-08	4.81525965175321e-05	"gene-371957"
"gene-219019"	2.25499967148079	1.57145619498892	44.2636603860474	1.75128894041023e-08	4.81525965175321e-05	"gene-219019"
"gene-430263"	11.4389722543608	3.01320303074942	46.2095366631472	1.81092878967778e-08	4.81525965175321e-05	"gene-430263"
"gene-223491"	-4.28560132024734	1.34846998998274	42.4873118522041	2.87332200965529e-08	5.6917906206093e-05	"gene-223491"
"gene-395143"	11.9745628728384	3.44742377012916	49.7342842476785	3.21086345653025e-08	5.6917906206093e-05	"gene-395143"
"gene-237881"	1.93592121303355	2.86872115611562	38.0184649022027	1.04376686278112e-07	0.000126186981993679	"gene-237881"
"gene-224875"	12.1584004838012	10.9820207698893	38.0154569192318	1.04469699165901e-07	0.000126186981993679	"gene-224875"
"gene-90157"	9.3109121939351	5.34233891903714	37.9417102401289	1.06777250652793e-07	0.000126186981993679	"gene-90157"
"gene-395080"	9.79300636597601	3.68222224064562	39.4607695622718	1.28577683608097e-07	0.000129067392536167	"gene-395080"
"gene-225236"	8.66843630283009	2.74743589835888	37.1918044787882	1.33484516537968e-07	0.000129067392536167	"gene-225236"
"gene-224697"	10.5595445411113	9.70547538243951	36.2430426336122	1.77554321863767e-07	0.000157372313945252	"gene-224697"
"gene-225720"	8.03990159304795	2.52149555284312	35.7773278345447	2.04486869027715e-07	0.000167301718382983	"gene-225720"
"gene-428104"	-10.0133588422589	3.34437044289243	35.4686652340307	2.24649716625982e-07	0.000167774071014151	"gene-428104"
"gene-407253"	6.94154221163809	-0.908427678082869	36.468191810893	2.50926762894375e-07	0.000167774071014151	"gene-407253"
"gene-222600"	12.2722260011859	7.04132916583755	35.0881302629585	2.52386718336443e-07	0.000167774071014151	"gene-222600"
"gene-55869"	-3.11610630428126	7.53300501933118	34.7203952519894	2.82585088206789e-07	0.000175949442437759	"gene-55869"
"gene-240833"	10.0649234454273	5.47007232150818	34.5506356075107	2.97770775092109e-07	0.000175949442437759	"gene-240833"
"gene-241055"	9.38587703121275	3.69236461410818	34.1655123865788	3.35452079082567e-07	0.000179943893011205	"gene-241055"
"gene-224956"	8.79471614326391	8.37238281211759	34.0579113904613	3.46842694021594e-07	0.000179943893011205	"gene-224956"
"gene-240623"	8.84933504034253	3.72751499234777	33.9115566039737	3.62984970387552e-07	0.000179943893011205	"gene-240623"
"gene-240691"	12.721659240777	4.56460526784458	35.1027172846594	3.7220436689042e-07	0.000179943893011205	"gene-240691"
"gene-225030"	7.3352516596575	6.36632865731678	32.5990601761075	5.47867755357963e-07	0.000245716656713329	"gene-225030"
"g14784"	6.20927796138567	2.723363912099	32.451319513832	5.7409742480826e-07	0.000245716656713329	"g14784"
"gene-120952"	2.12299947625141	5.00847629332133	32.3595836419174	5.91038235502384e-07	0.000245716656713329	"gene-120952"
"gene-222486"	10.5424825954646	5.30254890436365	32.2571016587141	6.10579748266631e-07	0.000245716656713329	"gene-222486"
"gene-225629"	8.96522643795766	3.05276874276712	32.1898699943047	6.23763607677688e-07	0.000245716656713329	"gene-225629"
"gene-225140"	11.5156895540603	4.01972328117184	32.7069162558347	7.5632402394856e-07	0.000287295082811317	"gene-225140"
"gene-224782"	8.61944918349283	3.49594755055853	31.4301485926535	7.95080710750931e-07	0.000291602704811962	"gene-224782"
"gene-224968"	9.71110359665379	3.52789960956353	32.8004156245311	8.4130450282662e-07	0.000298270489735464	"gene-224968"
"gene-224227"	9.45252357246628	3.54771039345853	30.6148624792599	1.03432974262996e-06	0.000354875198148781	"gene-224227"
"gene-241126"	13.8547591437532	5.43632294170012	31.4573883570792	1.10477220225305e-06	0.000367198660723858	"gene-241126"
"gene-225325"	5.82288394977622	3.35201675647693	30.2888173323055	1.14997192940425e-06	0.000370639437610411	"gene-225325"
"gene-220249"	5.25166375016688	3.15852535297632	30.0505175553599	1.2429463838807e-06	0.000388822874675151	"gene-220249"
"gene-90190"	-2.93610779624081	5.94108102450901	29.7912956001773	1.35301300304569e-06	0.000411161322868398	"gene-90190"
"gene-214979"	1.50630389117192	4.92459479406072	29.3347960666523	1.57217922195564e-06	0.000464491616797784	"gene-214979"
"gene-224845"	9.05414483718751	0.302863275634969	32.0100146158979	1.66187773389861e-06	0.000477722475074205	"gene-224845"
"gene-222332"	10.5657099675696	6.44227896759804	28.9804983102811	1.76757333046108e-06	0.000483359228382588	"gene-222332"
"gene-224201"	11.4122336649506	3.38395062742913	29.9282195956391	1.77237776484777e-06	0.000483359228382588	"gene-224201"
"gene-224896"	12.8643402038446	4.56040307022675	31.6207080076128	1.85347268712958e-06	0.000492838387507756	"gene-224896"
"gene-428738"	8.90722965138385	6.4616082848027	28.6232505425476	1.99030783872788e-06	0.000503442765438432	"gene-428738"
"gene-224743"	10.9659247510573	2.55454216589392	31.3516982943567	1.99937564439933e-06	0.000503442765438432	"gene-224743"
"gene-222365"	12.5524320455268	4.65792895387201	29.4160210803824	2.08115998625489e-06	0.000503442765438432	"gene-222365"
"gene-391222"	11.6176673317627	2.76367860623868	29.4136871509373	2.08268913870731e-06	0.000503442765438432	"gene-391222"
"gene-227164"	0.651073298572946	5.96896513894327	28.0046089316172	2.44772759888718e-06	0.000578534016483645	"gene-227164"
"gene-227308"	2.15258684783936	4.38986834975736	27.9189448757934	2.51920201727706e-06	0.000582483318603452	"gene-227308"
"gene-220028"	2.06952235364446	3.51282073909284	27.8058360174408	2.61691645726705e-06	0.000592202626372177	"gene-220028"
"gene-222383"	9.80600296535343	5.33250942977472	27.681780472306	2.72863488606334e-06	0.000604620013503536	"gene-222383"
"gene-30586"	-8.96198635525119	5.80962911223665	27.5614255280026	2.841768837921e-06	0.000607783410340597	"gene-30586"
"gene-240910"	10.227534079633	4.31466299448898	28.768971192024	2.85719918362447e-06	0.000607783410340597	"gene-240910"
"gene-225173"	11.4479374246352	3.04679936610041	29.8431597756884	3.07591939548854e-06	0.000641479974321885	"gene-225173"
"gene-431701"	8.56093659790466	3.58044402495365	27.1431283073772	3.27442361022367e-06	0.000669745567660364	"gene-431701"
"gene-224682"	9.05619954106788	3.04203974857567	28.2241995999195	3.38917531034702e-06	0.000680137143412281	"gene-224682"
"gene-42302"	-1.24117580071167	6.83191008873074	26.8519898526355	3.61560220780001e-06	0.000702159182314432	"gene-42302"
"gene-224593"	9.41463296102181	2.11339259305286	29.2715365479179	3.63094725717316e-06	0.000702159182314432	"gene-224593"
"gene-217099"	6.97834716597092	3.90880322992061	26.7669511919835	3.72208725720806e-06	0.000706930715494016	"gene-217099"
"gene-127740"	-0.744893692728436	5.04810213105231	26.5565300328701	3.99984068420495e-06	0.000746356237143927	"gene-127740"
"gene-421265"	2.9530977056912	3.26845198013004	26.4571683956248	4.13841184121316e-06	0.000758899109364536	"gene-421265"
"gene-367523"	-1.86823415694684	8.47229354755697	26.1783831194535	4.55452632293671e-06	0.000821049863911099	"gene-367523"
"gene-224357"	8.14894472190126	5.2073910234951	26.1223273907701	4.643326968886e-06	0.000823107094017859	"gene-224357"
"gene-218086"	3.68506221690586	2.65996786741479	25.9873761388356	4.86457894828045e-06	0.00084180791478305	"gene-218086"
"gene-225709"	12.8170926798416	4.33421318100097	28.2467414438938	4.90711646451195e-06	0.00084180791478305	"gene-225709"
"gene-406796"	1.21875324371647	4.98026703712977	25.8734360591096	5.05991870248347e-06	0.000854242782851018	"gene-406796"
"gene-231854"	-1.090833145067	4.80734889809426	25.6971703963771	5.37834500249304e-06	0.000881246986230828	"gene-231854"
"gene-240871"	12.786742154622	4.87288781443113	26.4587721650516	5.38558237166264e-06	0.000881246986230828	"gene-240871"
"gene-224860"	7.79535286711577	11.7192710325605	25.3726515843011	6.02031760536804e-06	0.000970183303798401	"gene-224860"
"gene-392290"	10.6600095330909	7.18651355548269	25.061768602799	6.71033660274779e-06	0.0010652408971168	"gene-392290"
"gene-89234"	1.27292520279306	2.8270739923414	25.0064011550969	6.8416214123931e-06	0.00107011007856196	"gene-89234"
"gene-222350"	11.0071670107632	2.90501066139187	26.9002015172945	7.34551850361391e-06	0.00113227441745562	"gene-222350"
"gene-263126"	-2.16714243021192	5.88115978960245	24.7234957885065	7.55542805629668e-06	0.00114799332581102	"gene-263126"
"gene-327074"	-1.02477798131409	3.2617820119562	24.5935586615351	7.90885109276166e-06	0.00118476817214948	"gene-327074"
"gene-372264"	-0.983139468921053	3.82993806840046	24.4394803921049	8.35034933831859e-06	0.00123353216058828	"gene-372264"
"gene-23597"	10.2788762036296	7.28223221620442	24.392782073175	8.48916705752407e-06	0.00123535781901789	"gene-23597"
"gene-225107"	9.92733586703776	1.54182015425699	26.3726206834993	8.62440127998113e-06	0.00123535781901789	"gene-225107"
"gene-326849"	9.6673172453888	4.24465190185676	24.3197328038568	8.71115423339056e-06	0.00123535781901789	"gene-326849"
"gene-225355"	2.42280219243775	0.679543710374425	24.2184908363323	9.02885266217058e-06	0.00126356416993219	"gene-225355"
"gene-225738"	6.81758092071337	2.76350466313644	23.9989973054026	9.75974662552801e-06	0.00134145771960283	"gene-225738"
"gene-13404"	10.271210582906	2.20851978489574	24.6486960880753	9.84187959115711e-06	0.00134145771960283	"gene-13404"
"gene-240929"	12.7026891137609	4.41678910498956	25.8744199655919	1.00489144944355e-05	0.00134145771960283	"gene-240929"
"gene-392224"	10.9680397200555	2.83133567073668	24.5750321342784	1.00899414787727e-05	0.00134145771960283	"gene-392224"
"gene-390616"	7.77221487013604	4.08204781006052	23.6923098350555	1.08856736316351e-05	0.00142938302155643	"gene-390616"
"gene-222531"	12.2510664769173	3.94004830683983	25.5645309060478	1.10585090324326e-05	0.00143436953742626	"gene-222531"
"gene-81572"	13.0355144007655	8.81723707089261	23.5777716537407	1.13401448625884e-05	0.00144544910410731	"gene-81572"
"gene-241001"	10.8692615942615	2.70378651232098	24.2109360560107	1.1415731924127e-05	0.00144544910410731	"gene-241001"
"gene-128145"	-3.1135851484147	3.65059449389996	23.4905008097461	1.16996578072097e-05	0.0014639712992645	"gene-128145"
"gene-23840"	9.62346761564235	3.44460422878348	23.3896243437579	1.21300494737782e-05	0.00147273352639376	"gene-23840"
"gene-240983"	11.0883657185296	2.66219599876373	25.2576251954686	1.21643677868999e-05	0.00147273352639376	"gene-240983"
"gene-225158"	10.4516362555747	1.94052884990776	25.2521606517444	1.21850837084102e-05	0.00147273352639376	"gene-225158"
"gene-221953"	8.53707865865939	-0.0752964097919308	25.0888090591535	1.28218457885426e-05	0.00153228260457235	"gene-221953"
"gene-87700"	1.96346884982695	5.74150707604237	23.1934549960545	1.3014870447293e-05	0.00153806846752676	"gene-87700"
"gene-403809"	9.20455171344175	8.26841344904062	23.1311404423523	1.3309798953068e-05	0.00155563760071243	"gene-403809"
"gene-326909"	10.3790241415636	2.3726624344186	23.5812551384351	1.41563451228812e-05	0.0016365965948583	"gene-326909"
"gene-38885"	-1.91119233276112	8.98596287667665	22.8710644304557	1.46178903542093e-05	0.00167178367534807	"gene-38885"
"gene-24290"	8.313663424535	2.43745303985787	22.6428926700487	1.58757224081307e-05	0.00179269814020168	"gene-24290"
"gene-322912"	10.6955639766461	2.30155851502254	24.3815404171023	1.60122530386574e-05	0.00179269814020168	"gene-322912"
"gene-215563"	0.835280422122139	4.56664708460562	22.5085943943373	1.66682785474156e-05	0.00183361599764546	"gene-215563"
"gene-24132"	12.7855854508992	4.60359888998961	23.0979957672941	1.67225227314413e-05	0.00183361599764546	"gene-24132"
"gene-241682"	0.791668765048863	4.64132836571518	22.4095432924062	1.72791552338182e-05	0.00187531729660092	"gene-241682"
"gene-430080"	8.2093595502452	2.18610536508621	23.1114796947616	1.8070797055249e-05	0.00193987026915883	"gene-430080"
"gene-211137"	-2.42597738104292	9.72172256985995	22.2610896215537	1.82387200936332e-05	0.00193987026915883	"gene-211137"
"gene-84949"	3.70343051847815	4.80144228973925	22.2164858117193	1.85377439450784e-05	0.00195215291683023	"gene-84949"
"gene-222519"	11.6066406008455	3.18753161008775	23.7960221776237	1.92860430610549e-05	0.00199288418858424	"gene-222519"
"gene-24185"	10.5849020009524	4.26190751912079	22.05830407663	1.96400048428475e-05	0.00199288418858424	"gene-24185"
"gene-219157"	2.0431669100275	1.20661539905015	22.0560976320284	1.96558539497174e-05	0.00199288418858424	"gene-219157"
"gene-224614"	8.12595772165161	0.602783947163202	22.6300541665249	1.96740165288967e-05	0.00199288418858424	"gene-224614"
"gene-323148"	8.92428742256533	3.99611554271678	21.9785944193616	2.02211029775092e-05	0.00202897784215838	"gene-323148"
"gene-54363"	-1.04995100737906	7.35156238716106	21.8479452160111	2.1212597831401e-05	0.00210857187415683	"gene-54363"
"gene-226245"	3.44317206141417	2.45480746417113	21.8039330811938	2.1557897742028e-05	0.0021230537072612	"gene-226245"
"gene-14276"	-1.27264586190364	4.13901574461217	21.6893718265304	2.24844234283338e-05	0.00217691544132046	"gene-14276"
"gene-393138"	-1.29655998389099	6.1752176725721	21.6857758675146	2.25141687236979e-05	0.00217691544132046	"gene-393138"
"gene-327441"	1.1912099046318	5.83771920729737	21.6313066737527	2.29697771216458e-05	0.00220095990509752	"gene-327441"
"gene-80359"	5.80184869794325	3.92383224504269	21.4738789455576	2.43413650571452e-05	0.00228354851568173	"gene-80359"
"gene-15918"	2.48479437799819	0.915107977529848	21.4720377322436	2.43579020552107e-05	0.00228354851568173	"gene-15918"
"gene-241108"	11.0986022407305	2.65327199711367	23.0546754733088	2.44757926652611e-05	0.00228354851568173	"gene-241108"
"gene-399270"	13.0391304764967	6.63377633843833	21.3888731847501	2.51171856680585e-05	0.00231422370601649	"gene-399270"
"gene-428765"	12.1720893197237	3.19357489775312	22.9222384762604	2.55487300146228e-05	0.00231422370601649	"gene-428765"
"gene-224307"	8.38297925110445	0.212883936000974	21.8426498749765	2.59351091377643e-05	0.00231422370601649	"gene-224307"
"gene-6223"	-1.05434174479473	8.54903260577195	21.2833156663418	2.61165712723607e-05	0.00231422370601649	"gene-6223"
"gene-224369"	4.51847609611269	0.371470217432963	21.2667571335825	2.62770619037024e-05	0.00231422370601649	"gene-224369"
"gene-23538"	11.0643216576312	3.26808490820611	21.8026434161561	2.63042558364691e-05	0.00231422370601649	"gene-23538"
"gene-294618"	-0.607404613646783	8.31019573602504	21.2615577966125	2.63276672083485e-05	0.00231422370601649	"gene-294618"
"gene-225635"	5.90439146919736	1.42722391895308	21.1423911366344	2.75157777264862e-05	0.00237046951020512	"gene-225635"
"gene-222344"	9.25703033458206	0.984589966218426	22.6898297345909	2.75533233117115e-05	0.00237046951020512	"gene-222344"
"gene-306977"	-2.40401064079992	0.885685922102809	21.1163529927694	2.77827378158836e-05	0.00237046951020512	"gene-306977"
"gene-24120"	9.07235572070037	4.04993383357215	21.108959230859	2.78590342963182e-05	0.00237046951020512	"gene-24120"
"gene-424768"	-8.85600055826506	2.98062372003425	21.077972836334	2.81811657349827e-05	0.00237884824410536	"gene-424768"
"gene-23834"	10.6279518498885	2.82210536853451	21.5711157997278	2.85513869226777e-05	0.0023911224512567	"gene-23834"
"gene-120660"	1.09252030407777	6.43743755161711	20.9642036280766	2.93975639642815e-05	0.00242882277978947	"gene-120660"
"gene-23884"	9.11535525115963	1.10092022606925	21.4830322590085	2.94582680136181e-05	0.00242882277978947	"gene-23884"
"gene-222430"	10.2641562777367	4.42047015299537	21.4194998397386	3.24304141573117e-05	0.00265330680751667	"gene-222430"
"gene-430068"	7.15804932326103	4.44700824652782	20.606170821608	3.35953022234986e-05	0.00272564174096407	"gene-430068"
"gene-390956"	8.57431989531656	5.33232507546529	20.5877829829681	3.38270693688659e-05	0.00272564174096407	"gene-390956"
"gene-8365"	-1.58756510666006	8.35534615990479	20.5166747607136	3.47391373161706e-05	0.00277808619920895	"gene-8365"
"gene-24203"	10.7675224960324	3.04181499121434	20.9940560168095	3.50715669876531e-05	0.002783740197617	"gene-24203"
"gene-30595"	-6.18803522608161	6.22229916103774	20.4672192207891	3.53885561344433e-05	0.00278809394848844	"gene-30595"
"gene-223773"	-7.33185954159928	4.58755538791426	20.4138038872877	3.61041992419379e-05	0.00282356075836214	"gene-223773"
"gene-282853"	8.86912561996377	5.37523972561657	20.3103174239131	3.75339150430229e-05	0.00289223894888293	"gene-282853"
"gene-223419"	-5.01979318888856	8.31374171517702	20.3062750145048	3.75909457910615e-05	0.00289223894888293	"gene-223419"
"gene-424863"	-5.33961188144907	7.14251842816344	20.2916411201817	3.77981585083421e-05	0.00289223894888293	"gene-424863"
"gene-322927"	7.03283237109029	2.63724488738875	20.2616812858822	3.82261040397122e-05	0.00290409173261699	"gene-322927"
"gene-323172"	1.1332022387725	5.55248386517701	20.2342501414689	3.8622357465181e-05	0.00291338577304727	"gene-323172"
"gene-227370"	0.931643610961195	4.11982561286703	20.1496197598505	3.98720695679152e-05	0.00296879433397406	"gene-227370"
"gene-34416"	-1.5939634408882	7.20024621757396	20.133362566937	4.01169205023963e-05	0.00296879433397406	"gene-34416"
"gene-403818"	13.1577566840475	5.13170375486031	20.6146035527415	4.01942820695999e-05	0.00296879433397406	"gene-403818"
"gene-24278"	11.3352360795624	3.89313830037677	20.5074964770542	4.17778014548425e-05	0.00306447376740486	"gene-24278"
"gene-23365"	11.9210704158923	3.65694037749273	20.4137525807273	4.32173482151589e-05	0.00314835421655089	"gene-23365"
"gene-63245"	-3.56303288722664	4.68176256106622	19.8557152669275	4.45493819578166e-05	0.0032233144660091	"gene-63245"
"gene-222737"	-2.45996912488143	0.320440257292729	19.8172614918764	4.52023646293553e-05	0.00324846182566096	"gene-222737"
"gene-68000"	-1.18136074919389	6.46447944838947	19.7061824400091	4.71452100393166e-05	0.00336534532871256	"gene-68000"
"gene-423321"	2.78522536674507	4.12386015967817	19.6729672224457	4.77429160953799e-05	0.00338529103726974	"gene-423321"
"gene-323803"	2.01304147751251	6.84954203205229	19.6418903518183	4.83092949726102e-05	0.00340276596906412	"gene-323803"
"gene-119402"	-2.59563082375702	7.85187069943676	19.6171678153762	4.87648644268808e-05	0.00340724281625244	"gene-119402"
"gene-428089"	-6.42659279924927	2.20486018137827	19.6037735020357	4.90135531108145e-05	0.00340724281625244	"gene-428089"
"gene-224277"	7.96931652684303	-0.166279356910178	20.90430003999	4.97609551165156e-05	0.0034367371338913	"gene-224277"
"gene-220544"	5.48274618122898	-0.586157248304257	19.5399669710842	5.02165069859792e-05	0.00344582431163145	"gene-220544"
"gene-390637"	10.0893227680477	2.08361247050524	19.9725949665268	5.07236428257583e-05	0.00345831195573568	"gene-390637"
"gene-24167"	9.4726918536924	1.72214835892786	19.9026018573673	5.20347721042584e-05	0.00352510723631142	"gene-24167"
"gene-23911"	4.15620278970706	0.345188246140587	19.3354427426815	5.42841338516941e-05	0.00365421549143429	"gene-23911"
"gene-23689"	7.49975072444609	1.89837655666358	19.2640934352404	5.57827138034197e-05	0.00373147763530297	"gene-23689"
"gene-63617"	-1.26748325957241	7.28472698156267	19.1370652507935	5.8558417396458e-05	0.00389267079642955	"gene-63617"
"gene-403652"	10.6894841407833	2.43125570724745	19.5006658274455	6.0283426183584e-05	0.00398245044030186	"gene-403652"
"gene-400426"	11.2597438605395	2.69898213627997	19.3768133979729	6.30926756114373e-05	0.00414230677656325	"gene-400426"
"gene-430032"	8.63522564972863	4.44605353315781	18.903390579733	6.40469416265707e-05	0.00415623322017609	"gene-430032"
"gene-23893"	7.3817528644146	-0.361712050711256	19.334383282414	6.40863339703722e-05	0.00415623322017609	"gene-23893"
"gene-222555"	9.15592012831852	0.970232334754876	20.1159612651595	6.50093300598897e-05	0.00417622973042157	"gene-222555"
"gene-229506"	-5.25364388216671	1.60803469012252	18.8577566791448	6.51799675864968e-05	0.00417622973042157	"gene-229506"
"gene-391198"	10.8530930479382	2.43950587533339	20.0854857330579	6.5689865397939e-05	0.00418369705612263	"gene-391198"
"gene-390678"	6.50264890086112	1.201860501404	18.7892399526155	6.69205334903072e-05	0.00423670710835064	"gene-390678"
"gene-238407"	8.98203332366722	3.4873251753523	18.7671535558388	6.74918769165721e-05	0.00423895992016797	"gene-238407"
"gene-240638"	8.30935992144767	-0.231325663047761	19.9950836659172	6.77532142185554e-05	0.00423895992016797	"gene-240638"
"gene-24088"	7.42788757474677	3.04298281852133	18.6707696470814	7.00453487199678e-05	0.0043566459646143	"gene-24088"
"gene-243565"	3.0542865593954	1.0027114105635	18.6557047730621	7.04534699053836e-05	0.0043566459646143	"gene-243565"
"gene-240602"	12.314689346988	4.22027865668946	19.8277772503032	7.17544884964778e-05	0.00441144936213028	"gene-240602"
"gene-24221"	8.79754956447848	1.04642478538246	18.9551843795633	7.37292441006384e-05	0.00447935898282873	"gene-24221"
"gene-399484"	10.2040620824646	1.87773926224825	18.9523495532927	7.38068023389109e-05	0.00447935898282873	"gene-399484"
"gene-282665"	10.252094408507	3.76118664130777	18.5242194672145	7.41225254774216e-05	0.00447935898282873	"gene-282665"
"gene-14156"	-0.649376695182092	6.82461036934806	18.4873492908416	7.51867399164619e-05	0.00451800093644909	"gene-14156"
"gene-24052"	7.24826823976974	-0.695275194984618	18.8106344543274	7.77949870153654e-05	0.00463116065806052	"gene-24052"
"gene-240860"	10.1982563659399	1.64539065577838	19.5875868507674	7.79407444333239e-05	0.00463116065806052	"gene-240860"
"gene-375015"	-6.67016842275137	3.71893716141693	18.3042632700121	8.07123256593118e-05	0.00476920164284689	"gene-375015"
"gene-84970"	3.31906378453012	0.428151569581762	18.2461867698789	8.25522514294385e-05	0.00485097097350004	"gene-84970"
"gene-395158"	5.5456904827469	1.63903411369861	18.0812477304223	8.80200457237508e-05	0.00509979547283912	"gene-395158"
"gene-333603"	-0.741478886459519	8.51590715494146	18.0776110807439	8.81447718343642e-05	0.00509979547283912	"gene-333603"
"gene-242512"	5.83686042992502	-0.213810985658406	18.6332208343111	8.82251191239563e-05	0.00509979547283912	"gene-242512"
"gene-87554"	-1.83374756433692	3.31610152287737	18.0030853581218	9.0741776178725e-05	0.00521691638614551	"gene-87554"
"gene-86738"	-4.23193090113336	1.65769620234971	17.9433879007508	9.28795627040248e-05	0.00531111305870972	"gene-86738"
"gene-254128"	-0.598125065112787	6.37276035786033	17.890610337795	9.48132859802649e-05	0.00539269577372244	"gene-254128"
"gene-113411"	-5.26580538458038	4.76018250552321	17.8552735489118	9.6131421997344e-05	0.00543003000344119	"gene-113411"
"gene-271655"	-0.776286542898316	5.71700905938833	17.8457281093714	9.64907550442257e-05	0.00543003000344119	"gene-271655"
"gene-152165"	-1.15200212662683	7.30442997757253	17.6411434799686	0.000104538521951327	0.00585195641828585	"gene-152165"
"gene-326993"	-1.67642585236002	7.38465878164333	17.621745471096	0.000105337085058208	0.00586578657947174	"gene-326993"
"gene-84224"	1.0874855204891	6.20721980197182	17.5853279957638	0.000106853524073819	0.0059054880888855	"gene-84224"
"gene-222501"	6.26832385906975	0.34230822401559	18.1076115081455	0.000107160511579062	0.0059054880888855	"gene-222501"
"gene-14252"	-0.568926905743056	7.51770207901498	17.4603233295164	0.000112234299587147	0.00615321654849945	"gene-14252"
"gene-17601"	6.44854722733306	0.660969157046118	17.3974691657408	0.000115045881600222	0.00627501536769209	"gene-17601"
"gene-217093"	11.454604285067	4.71528029865577	17.7514501469911	0.000115772630797784	0.00628243725084299	"gene-217093"
"gene-205849"	-1.42195278866659	8.1947960760371	17.2721149560859	0.00012087478379554	0.00652601116979373	"gene-205849"
"gene-282611"	10.022768536176	1.5532042285548	17.5564758492581	0.000124665958043938	0.00668190221840288	"gene-282611"
"gene-400402"	12.7966201251753	4.73030545248532	17.5490465977064	0.000125018666929501	0.00668190221840288	"gene-400402"
"gene-357485"	-5.34014239586582	0.553458072292438	17.1245909716721	0.000128131291611582	0.00681402208790392	"gene-357485"
"gene-23413"	6.71430008540147	-0.797932812576791	17.4410100211063	0.000130267638469211	0.0068931671779031	"gene-23413"
"gene-17262"	-2.1370211947578	7.89136882788306	17.0607326617907	0.000131411981766241	0.00689579715827496	"gene-17262"
"gene-243753"	-1.79765015783844	5.06921729889195	17.050689786436	0.000131935850833227	0.00689579715827496	"gene-243753"
"gene-125638"	-1.21563585644361	10.8756944992244	17.0444511507562	0.000132262374980076	0.00689579715827496	"gene-125638"
"gene-428774"	7.01731526526317	-1.25853713098849	18.050780228609	0.000133538258866359	0.00692835571367119	"gene-428774"
"gene-127607"	-1.50216914466264	5.10985829691366	16.9794084952928	0.000135717288040231	0.00700722852231016	"gene-127607"
"gene-329354"	1.30229272908508	1.85591713768276	16.9299721388974	0.000138406134076993	0.00707781282594884	"gene-329354"
"gene-390687"	11.6310251200123	3.7415253068998	17.9467563938294	0.000138577963399745	0.00707781282594884	"gene-390687"
"gene-23514"	7.32956524283948	3.21363108062899	16.9091807343412	0.000139553527029491	0.00707781282594884	"gene-23514"
"gene-231540"	-1.13046682397434	9.12082900771205	16.9057066997384	0.000139746210365669	0.00707781282594884	"gene-231540"
"gene-38977"	-3.68827727309944	0.88095008453806	16.8630667200495	0.000142133926960186	0.00716462771160443	"gene-38977"
"gene-286289"	-0.537873593484482	6.37582708483461	16.8337350894848	0.00014380109425856	0.00721447376667	"gene-286289"
"gene-240935"	7.94869046651794	-0.0798714066776331	17.7570224085597	0.000148294862207371	0.00740499603022344	"gene-240935"
"gene-240397"	-3.58347973646488	3.4803273620174	16.6760534681981	0.000153119897816326	0.00761020202417965	"gene-240397"
"gene-329366"	-0.524637043758665	5.43331768495013	16.6409275966907	0.000155280320892218	0.00768168136283547	"gene-329366"
"gene-431030"	4.27081977896953	1.62567191979991	16.6075207520524	0.000157364534110741	0.00774874622593447	"gene-431030"
"gene-145063"	-3.99416154085511	2.21358714866382	16.5951261713523	0.000158145222908922	0.00775130226202441	"gene-145063"
"gene-428113"	-4.69403330719106	2.26737009971581	16.4992833716739	0.000164320147340169	0.0080170141610552	"gene-428113"
"gene-410366"	6.69358179224841	-0.542439302128351	16.8219655815062	0.000165146395932417	0.00802053455313786	"gene-410366"
"gene-137003"	-1.15420859334905	9.53192198929635	16.4209671089186	0.000169552499459285	0.00819709265567709	"gene-137003"
"gene-227284"	1.96293909209924	0.83647213542471	16.4079889187119	0.00017043623582738	0.0082025330509503	"gene-227284"
"gene-403700"	13.6825984968801	4.65960729203841	17.3052511593207	0.000174447949312499	0.00835778553553036	"gene-403700"
"gene-174594"	-2.15093257945262	6.44697888447918	16.301718026994	0.000177855989596339	0.00848285338720476	"gene-174594"
"gene-282458"	11.4565049013957	3.29183478612924	16.5775895669873	0.000181496860071815	0.00852879924674362	"gene-282458"
"gene-431788"	6.99013328069999	-0.763694552065267	16.5760591303277	0.000181604445118414	0.00852879924674362	"gene-431788"
"gene-237351"	2.7784186492958	-0.103032227082154	16.2481839404917	0.000181720628716936	0.00852879924674362	"gene-237351"
"gene-428756"	7.07119386546569	-0.843696575059586	17.1876523088655	0.000182026836123618	0.00852879924674362	"gene-428756"
"gene-24079"	7.17416715150815	-0.470975364517198	16.5470549239573	0.000183656042491767	0.00856739328044927	"gene-24079"
"gene-428747"	9.7215994926068	1.12498649244098	17.0894447052623	0.000188622678980292	0.00874677626769911	"gene-428747"
"gene-241856"	-0.709727858937301	5.72835308449937	16.141762618269	0.000189665762989286	0.00874677626769911	"gene-241856"
"gene-421566"	-1.07061835201305	3.69390797643644	16.1377997115936	0.000189968533079964	0.00874677626769911	"gene-421566"
"gene-15763"	8.33689599652983	4.614729085124	16.1041259285568	0.000192561688459664	0.0087585545383417	"gene-15763"
"gene-400393"	10.4216556526375	5.4172102471604	16.1034117416222	0.000192617085065959	0.0087585545383417	"gene-400393"
"gene-232048"	-2.44611955038383	3.13798316532818	16.1024103409474	0.000192694787699507	0.0087585545383417	"gene-232048"
"gene-244661"	-0.685782642197924	4.97497824729651	16.0840086578221	0.000194128486127973	0.00878617267428563	"gene-244661"
"gene-260693"	11.4580661394447	3.33145514690837	16.3909790717619	0.000195121054079487	0.00879367597961621	"gene-260693"
"gene-399223"	9.45076322165076	1.37311986736035	16.372983283154	0.000196490431886371	0.00881275888337925	"gene-399223"
"gene-282746"	9.53727309904147	3.91375495241525	16.0450377572761	0.000197201637292616	0.00881275888337925	"gene-282746"
"gene-282551"	9.04849570852851	1.10166328110199	16.294563069173	0.000202576456898558	0.00901507613210485	"gene-282551"
"gene-312890"	-1.48103789880588	4.43250175647338	15.9114074437374	0.000208130669862336	0.00922365751939919	"gene-312890"
"gene-282347"	12.5777830908695	4.00360219517099	16.1418095882617	0.000215005791402989	0.00945119555771784	"gene-282347"
"gene-238849"	1.51955378626235	4.68189157603586	15.8306275812933	0.000215042245672031	0.00945119555771784	"gene-238849"
"gene-231604"	-3.5287621743919	-1.06591189316194	15.7971829023598	0.000217973536683433	0.00954060302948557	"gene-231604"
"gene-21635"	-1.12795926965147	5.39847789888283	15.7590386728405	0.000221367704248436	0.00963586176923907	"gene-21635"
"gene-215727"	-1.54132343833811	6.32984660092987	15.7495293660656	0.000222222427182941	0.00963586176923907	"gene-215727"
"gene-282886"	9.77957303345151	7.08994339737574	15.7423743922126	0.000222867806998196	0.00963586176923907	"gene-282886"
"gene-81427"	6.66697310770203	5.09346660254225	15.7223909323908	0.000224680703113463	0.00967491481099104	"gene-81427"
"gene-392159"	9.40050648430699	0.666733688528774	16.5530923770445	0.000229392474800575	0.00983797726604402	"gene-392159"
"gene-282362"	12.9570528362064	4.49741688637783	15.9389346975806	0.000232762554750155	0.00994241980852469	"gene-282362"
"gene-34632"	-2.42952041580493	6.63997654120078	15.5990174406286	0.000236219424221159	0.010049719184065	"gene-34632"
"gene-90428"	1.80051639416926	1.69843236586264	15.4772182229003	0.000248219007477744	0.0105181568268258	"gene-90428"
"gene-279975"	-2.1272336227739	5.25860849481437	15.4080637097596	0.000255313731251208	0.0107758604983645	"gene-279975"
"gene-329410"	3.34208258871301	0.925678508978876	15.3314359856811	0.000263423030621099	0.0110741792635811	"gene-329410"
"gene-400384"	10.926669489545	2.78316373236623	15.5942392927341	0.000266547824408418	0.0111614277968816	"gene-400384"
"gene-83083"	-1.50818445827662	2.6805083305721	15.2726189227572	0.000269829692743465	0.011254543576547	"gene-83083"
"gene-279676"	-2.75692000770916	5.31465313240186	15.2202392665898	0.000275672143060222	0.0114533160687052	"gene-279676"
"gene-392248"	7.67317354063216	-0.434514536408613	16.0057853863248	0.000280734642889887	0.0115924847200838	"gene-392248"
"gene-76789"	-0.443480377189788	5.66874247758016	15.1717219657968	0.000281201678994134	0.0115924847200838	"gene-76789"
"gene-399317"	11.2586851703997	2.86486544913656	15.3947780002833	0.000288413352593097	0.0118387084066111	"gene-399317"
"gene-269365"	-0.70781817936578	5.77181850750086	15.1015872302386	0.000289400543975074	0.0118387084066111	"gene-269365"
"gene-403851"	8.30098766599879	0.211450284106906	15.9128310000345	0.000290600110184936	0.0118422328426321	"gene-403851"
"gene-84577"	1.56270880914506	3.18416649621475	15.0050120492417	0.000301101064715636	0.0121984048659941	"gene-84577"
"gene-313040"	-1.02435042823367	10.434994932749	14.9940626033822	0.000302458478953928	0.0121984048659941	"gene-313040"
"gene-270896"	-0.803109709863322	7.26428279059727	14.9914684380221	0.000302781015853933	0.0121984048659941	"gene-270896"
"gene-127849"	-0.779322127735399	6.54130020615526	14.9182072432961	0.000312039609238386	0.0125239746560735	"gene-127849"
"gene-68540"	-2.96637481329641	0.134483063865074	14.8488948463333	0.000321071595667431	0.012760372858852	"gene-68540"
"gene-222242"	0.624767616141585	5.78513092627477	14.8466803528071	0.000321364624819886	0.012760372858852	"gene-222242"
"gene-255088"	-0.624315615630777	8.75641411735586	14.8400544858559	0.000322243051044388	0.012760372858852	"gene-255088"
"gene-224890"	4.62792927072468	0.780881476651808	14.8364009090386	0.000322728497464385	0.012760372858852	"gene-224890"
"gene-88032"	-2.20857369266634	5.35594718458371	14.7775454511476	0.000330654700827301	0.0129703370744694	"gene-88032"
"gene-248977"	-3.14290711749288	7.15518976223832	14.7574675839908	0.00033340493041947	0.0129703370744694	"gene-248977"
"gene-183393"	-1.20884550516998	7.67999136038097	14.7567463880306	0.000333504161968677	0.0129703370744694	"gene-183393"
"gene-282491"	8.89446782061161	0.862970809352385	15.0292422467428	0.000333511482617454	0.0129703370744694	"gene-282491"
"gene-221980"	-0.611190327454702	6.6915247155428	14.7521582909094	0.000334136175103856	0.0129703370744694	"gene-221980"
"gene-16817"	-0.939009060203161	8.93855332139615	14.7025448378562	0.000341050920249821	0.013143310618753	"gene-16817"
"gene-64360"	-0.915246487644683	9.42465021741521	14.7024539736135	0.000341063720456547	0.013143310618753	"gene-64360"
"gene-69401"	-1.80014532340093	7.42552336777825	14.6879858578295	0.000343108285221893	0.0131743672260652	"gene-69401"
"gene-282701"	9.82352318708528	5.9387727910679	14.6025307677601	0.000355448418928512	0.0135990985026031	"gene-282701"
"gene-259467"	-0.68621593183582	6.84267409678288	14.5515679862396	0.000363027603298412	0.0138392888483222	"gene-259467"
"gene-273412"	-1.52509744365994	9.79622080220386	14.5208751685587	0.000367673530292237	0.0139342006916796	"gene-273412"
"gene-282398"	12.2374938760539	7.28524748187399	14.5136569342309	0.000368775139379422	0.0139342006916796	"gene-282398"
"gene-336688"	-1.43167018362818	5.35021353768676	14.5092617850377	0.000369447592615049	0.0139342006916796	"gene-336688"
"gene-323991"	0.574642907512682	5.34301436851255	14.4826709675082	0.000373543375414343	0.0140388951975511	"gene-323991"
"gene-96109"	-2.42722246184315	3.11871834449025	14.4555479569273	0.000377770034671675	0.0141477538336899	"gene-96109"
"gene-420308"	-3.2739605847055	3.550627884387	14.4431114869457	0.000379724726486278	0.0141710603189756	"gene-420308"
"gene-223318"	-4.73102555653377	6.51303441309834	14.373860152325	0.00039080422076898	0.0145335443779681	"gene-223318"
"gene-405355"	-1.42631910779614	5.39881778389927	14.312570164914	0.000400891774985859	0.0148567418771763	"gene-405355"
"gene-282008"	-0.767555201678193	6.29826027612589	14.3041412690037	0.000402300200232649	0.014857169894703	"gene-282008"
"gene-6199"	-1.48248820760834	9.73589710462389	14.2812516810057	0.000406151079719598	0.014915138110933	"gene-6199"
"gene-282620"	8.27602239485497	0.322611905043829	14.5344364346993	0.000406674506597459	0.014915138110933	"gene-282620"
"gene-239506"	-0.833837662029025	5.16031808121034	14.2279780755267	0.000415263583973037	0.0151778126430832	"gene-239506"
"gene-253175"	-2.90700771559603	5.0189094165191	14.2151614027129	0.000417487608106611	0.015206843150075	"gene-253175"
"gene-402875"	-0.592666118960137	7.53556814157933	14.126736265784	0.000433174849805005	0.0157243948891674	"gene-402875"
"gene-245743"	2.90275188814681	6.48479555909935	14.0934977140501	0.000439229830692081	0.0158899608137448	"gene-245743"
"gene-282590"	9.0348757974607	0.928092366521658	14.3305997045973	0.000441549125547239	0.0158945692696092	"gene-282590"
"gene-129732"	-1.5077045874854	9.80095701643337	14.0765775662468	0.000442346042102701	0.0158945692696092	"gene-129732"
"gene-282784"	9.80545772188232	5.41045557779026	14.0126171489919	0.000454336069490937	0.016218577058606	"gene-282784"
"gene-224250"	10.3723336161081	2.54009577617977	14.2596505441914	0.000454412933759363	0.016218577058606	"gene-224250"
"gene-228118"	-0.818469014239616	7.55657890007017	13.9735287990424	0.000461830370025642	0.0164281866742232	"gene-228118"
"gene-241262"	-4.54036070903799	4.25393065227701	13.9309310041414	0.000470144844808146	0.0166682018979315	"gene-241262"
"gene-152989"	-1.13977374409047	7.04770885412942	13.9071531993404	0.000474853831115234	0.0167759112356707	"gene-152989"
"gene-399475"	12.2867245780105	3.90722550670333	14.143454129777	0.000476337457048942	0.0167759112356707	"gene-399475"
"gene-282524"	5.14053668045979	0.89336772330878	13.838052276679	0.0004888205633013	0.0170916952667621	"gene-282524"
"gene-104371"	-4.37704449971667	2.97246917051005	13.8351718840719	0.000489411991355847	0.0170916952667621	"gene-104371"
"gene-234241"	0.771098307320949	4.05227196278844	13.8317053157388	0.000490124770248444	0.0170916952667621	"gene-234241"
"gene-326882"	10.8379577520528	2.68644486697521	14.4724521451009	0.000500788091627077	0.0174064775900183	"gene-326882"
"gene-68612"	-2.254321614208	4.81725111120754	13.7549482540049	0.000506188369371129	0.0174957024562835	"gene-68612"
"gene-174585"	-1.23144469277509	6.87860540740351	13.7528036540881	0.000506645012837094	0.0174957024562835	"gene-174585"
"gene-119684"	1.32919487921253	4.13911917054248	13.7439100932431	0.000508543293954038	0.0175044222475571	"gene-119684"
"gene-12075"	6.76958434798757	0.388908106611455	13.7005451325569	0.000517906404232747	0.0177692016626435	"gene-12075"
"gene-327787"	-0.647742302890141	4.84501642442959	13.6876902916489	0.000520716444165529	0.0177760248848867	"gene-327787"
"gene-277218"	-1.53864734407706	4.82307672617107	13.6843561032832	0.000521447890568319	0.0177760248848867	"gene-277218"
"gene-71161"	1.74089459064458	3.24416134415153	13.6466172302731	0.000529802244847983	0.018003120371256	"gene-71161"
"gene-149727"	-0.518260336732528	5.57787006364406	13.6350606383718	0.000532388453520458	0.0180333872345337	"gene-149727"
"gene-287208"	1.44364070710808	0.898416511848794	13.5878445031137	0.000543092695662998	0.018337567971656	"gene-287208"
"gene-220788"	-2.32413564902908	4.44683426494938	13.5574694902141	0.000550097677059549	0.0185153129531815	"gene-220788"
"gene-320494"	-1.1640602946477	4.26891043074135	13.4964150482577	0.000564465153835481	0.0189389633318428	"gene-320494"
"gene-353013"	-1.25210370713727	6.31443644587575	13.4607812754206	0.000573031411353279	0.0191659185256398	"gene-353013"
"gene-14127"	-0.872493656682436	6.66787665001525	13.4522329929718	0.000575106540275874	0.0191750255873799	"gene-14127"
"gene-117360"	-3.75624465663452	5.44618960866956	13.4165721099011	0.000583848495451208	0.0194056643675595	"gene-117360"
"gene-331842"	-1.13156888278672	5.11661023869794	13.3615255096274	0.000597616498736939	0.0197986239362389	"gene-331842"
"gene-403878"	8.84818353164	0.410900829028082	14.0037370124825	0.000600094776258142	0.0197986239362389	"gene-403878"
"gene-80466"	11.5088080190406	3.34145855318055	13.9987564769271	0.00060125569118138	0.0197986239362389	"gene-80466"
"gene-87386"	1.07384492403105	5.5338688379131	13.3349382113763	0.000604387584819611	0.0197992940557765	"gene-87386"
"gene-124940"	-0.569029662854558	4.37749784471504	13.3325523421335	0.000604999113212424	0.0197992940557765	"gene-124940"
"gene-143631"	-1.66611132790763	7.94390363535771	13.3211201493464	0.000607938320212725	0.0198344539073084	"gene-143631"
"gene-30322"	-0.6873513761998	5.36879503165575	13.2954284335184	0.000614598260496981	0.019990419261914	"gene-30322"
"gene-249939"	8.0067478065117	8.81989903178046	13.2518742484818	0.000626063495354792	0.0203012540749804	"gene-249939"
"gene-326873"	9.95984551629537	1.86249759195054	13.858320189879	0.000634988813205469	0.020516035421471	"gene-326873"
"gene-223722"	-6.7456150995818	6.25893376643491	13.212781175163	0.000636544912475126	0.020516035421471	"gene-223722"
"gene-282437"	5.24860539122848	1.46692773467155	13.458939146204	0.00065343192545518	0.0209638016642231	"gene-282437"
"gene-80062"	-4.19564874939359	8.30656215751904	13.147784460027	0.000654379668345438	0.0209638016642231	"gene-80062"
"gene-122590"	2.86673155140776	2.28355877898664	13.1369233823228	0.000657410493748465	0.0209976516862122	"gene-122590"
"gene-426056"	-1.32432987817145	3.89278317842884	13.1238402680592	0.000661080894152917	0.0210516658389534	"gene-426056"
"gene-196966"	-0.674915912486139	7.13684717012077	13.0997083132603	0.000667907332564004	0.0212055593705992	"gene-196966"
"gene-90503"	0.972789876731465	5.60452782857234	13.0660904570238	0.000677540287306375	0.0214473764755673	"gene-90503"
"gene-80079"	-3.65790686236982	6.51252268640484	13.0311741074124	0.000687699308400781	0.0217043615553433	"gene-80079"
"gene-333008"	1.6889381129044	2.99984264015721	13.0234000074557	0.000689982818906626	0.0217120037334049	"gene-333008"
"gene-403706"	10.5092619882314	2.16382920891103	13.6226671540514	0.000696176743906318	0.0217914117047621	"gene-403706"
"gene-27378"	-0.86692618714143	6.86830472592152	13.0010098250717	0.000696603984544857	0.0217914117047621	"gene-27378"
"gene-336348"	-3.88693529120628	4.78783799715962	12.968789672624	0.000706248919766985	0.0220283387408846	"gene-336348"
"gene-407280"	-4.71312668829701	2.69457247174662	12.9086428075041	0.000724629261025131	0.0225355462580798	"gene-407280"
"gene-287310"	-0.904427638402482	8.78739039667726	12.842417768154	0.000745447166149905	0.0231153820967067	"gene-287310"
"gene-13124"	0.695591788626546	4.60291528237843	12.7224093674901	0.000784782076812285	0.0242365877988327	"gene-13124"
"gene-258440"	-0.803431642971267	10.9823987097838	12.7183133284399	0.000786162353384475	0.0242365877988327	"gene-258440"
"gene-231493"	-0.72822268007902	6.6353605365434	12.6937915244811	0.000794478973427593	0.024422191795884	"gene-231493"
"gene-89463"	-1.01562626159895	7.6613902556659	12.6499775033745	0.000809568603790877	0.0248143275790195	"gene-89463"
"gene-81750"	1.18563411448788	2.68345540257882	12.6403564953097	0.000812922077244729	0.0248455149815372	"gene-81750"
"gene-225921"	-2.17134307749946	0.179597126382389	12.631319468512	0.000816085241353751	0.0248707238597091	"gene-225921"
"gene-282641"	7.78417588973931	-0.389934483917698	12.8090947616885	0.000825020980919655	0.025071209008747	"gene-282641"
"gene-7220"	-1.60734941297825	1.09428256905607	12.5917914573165	0.00083007308300637	0.0251528698314979	"gene-7220"
"gene-217216"	-1.90097838392934	3.30313201743746	12.5234794459209	0.000854841453534441	0.0258298116471373	"gene-217216"
"gene-402427"	-0.449675275043064	5.32754628684151	12.5110742700616	0.000859421658263608	0.0258946423719312	"gene-402427"
"gene-119464"	-0.790149421098153	8.291476126608	12.4921645795969	0.000866452922958438	0.0260327494027852	"gene-119464"
"gene-380466"	0.553371494362711	6.11627635537631	12.4390153725936	0.00088653992132183	0.0265022772298117	"gene-380466"
"gene-123554"	2.41256631436882	-0.0787991622774823	12.4271147926396	0.000891104005827717	0.0265022772298117	"gene-123554"
"gene-255284"	1.39560608959023	1.78917725158438	12.4248494063171	0.000891975604881971	0.0265022772298117	"gene-255284"
"gene-370643"	4.9940797858219	1.33446905848303	12.424663125185	0.000892047315557785	0.0265022772298117	"gene-370643"
"gene-424914"	-3.96744279442193	6.18599799662493	12.4092090816548	0.000898017563248249	0.0266053337122796	"gene-424914"
"gene-430314"	5.57456888452682	0.847936492545227	12.6556525597817	0.000909119423395909	0.0268594282978858	"gene-430314"
"gene-336178"	-1.59711020419044	5.19804219012747	12.3692811647527	0.000913637067977262	0.0269181270221777	"gene-336178"
"gene-299351"	2.78962377185013	6.90494335721929	12.3263464281126	0.000930750552759918	0.0273465825391008	"gene-299351"
"gene-262586"	-1.7435739016134	7.35473098056746	12.3127811106272	0.000936227092739344	0.0274317117310624	"gene-262586"
"gene-228193"	0.822015556109561	3.11350718254391	12.2908525582134	0.000945151464169053	0.027609633721656	"gene-228193"
"gene-257484"	0.855900705415957	6.74922330302818	12.2851393477514	0.000947491191087294	0.027609633721656	"gene-257484"
"gene-15427"	-0.371873105666048	6.10570857915665	12.2628464968809	0.000956678917212612	0.0278011938892714	"gene-15427"
"gene-55252"	-2.92087444443619	3.6388465598377	12.2545379302127	0.0009601270093792	0.0278253702227716	"gene-55252"
"gene-327616"	-0.79342712733627	6.40878258963325	12.211561025202	0.000978171511349062	0.0282712831377952	"gene-327616"
"gene-424896"	-3.62495428675281	5.3035287719424	12.1966687096074	0.000984506814143819	0.0283772750006332	"gene-424896"
"gene-174285"	-1.14431144528969	7.2257059882284	12.1784725373878	0.000992305965346181	0.028524773641681	"gene-174285"
"gene-228998"	-0.596193839922762	5.99244177464994	12.1638367007966	0.000998626036864252	0.0286290741996986	"gene-228998"
"gene-230270"	-0.996243437326986	6.90364703845253	12.1331518528364	0.00101201362259908	0.0289348841128059	"gene-230270"
"gene-279120"	-1.40603453577998	4.49406377818797	12.0759391744888	0.00103747942000629	0.0295834614240935	"gene-279120"
"gene-164192"	-0.923436905303582	7.15069979441477	12.0427630545364	0.00105255292347766	0.0299330291286321	"gene-164192"
"gene-421620"	-1.58604236577739	1.53930288275712	11.9861466469601	0.00107880847250601	0.0305600900452205	"gene-421620"
"gene-335551"	-0.945720600167617	5.46456306082766	11.982869286918	0.00108034917798072	0.0305600900452205	"gene-335551"
"gene-42463"	-1.12066477251471	2.33275468919324	11.9445480962674	0.00109853615833961	0.0309921235546423	"gene-42463"
"gene-16157"	2.57789240646543	2.60757184051015	11.9304896710939	0.00110528834092541	0.0311001237938696	"gene-16157"
"gene-299548"	-4.29015683083096	7.33190633745036	11.9167468115986	0.00111193098437107	0.0312044800785507	"gene-299548"
"gene-132812"	-1.41046393142876	6.57444603225607	11.9106186505927	0.00111490651232999	0.0312056464872153	"gene-132812"
"gene-10767"	1.44905609289638	2.50414268660766	11.8661315664704	0.00113675880494938	0.0317337707334426	"gene-10767"
"gene-132631"	4.54022612522577	7.45862794674984	11.8496703674435	0.00114495794133052	0.0318789860313913	"gene-132631"
"gene-431954"	3.36142320278672	-0.8507278725394	11.8234134539795	0.00115816466299452	0.032162504844934	"gene-431954"
"gene-224079"	-3.5797322892625	-0.458968399393054	11.8119376097401	0.00116398681189815	0.032240009717054	"gene-224079"
"gene-286545"	-1.35247668995864	5.78078300090401	11.7729111784843	0.00118401694870676	0.0327096214712858	"gene-286545"
"gene-346228"	-1.86210463696241	6.81974459037736	11.7525668440494	0.00119460144758473	0.0329165310790446	"gene-346228"
"gene-217258"	-1.08779395583362	8.09228233703858	11.7435062270592	0.00119934725244361	0.0329619053668999	"gene-217258"
"gene-244122"	0.917482667692418	3.98653111676593	11.7315911254146	0.00120561827472552	0.0330488555927337	"gene-244122"
"gene-88517"	-0.441119957024624	6.83253240329917	11.7241133655527	0.00120957142079095	0.0330719836286183	"gene-88517"
"gene-220749"	-0.607221653817093	6.20987785014364	11.7071512267993	0.0012185889414333	0.0332331076438066	"gene-220749"
"gene-362826"	0.431906418864958	4.27630960102464	11.6989758091401	0.00122296033629381	0.0332670233678286	"gene-362826"
"gene-85401"	-2.27184706274562	3.96665589508317	11.6814739714887	0.00123237389040857	0.0334375732101673	"gene-85401"
"gene-64425"	-1.44437781428397	7.11183379159647	11.6531934863909	0.00124774563485672	0.033657873300544	"gene-64425"
"gene-421193"	1.51296766924427	4.79836140875285	11.6503924936666	0.00124927899849815	0.033657873300544	"gene-421193"
"gene-279859"	-0.864349224547584	8.74976671075218	11.6491007088928	0.00124998683280509	0.033657873300544	"gene-279859"
"gene-179544"	-1.20479511293677	5.92117605255358	11.6378605220973	0.00125616366447048	0.0337387796346162	"gene-179544"
"gene-122692"	4.19871001016555	0.308226476167855	11.622647715784	0.00126457455018992	0.0338195402844902	"gene-122692"
"gene-392186"	6.41325702678252	8.86426190022687	11.6160098849811	0.00126826295754426	0.0338195402844902	"gene-392186"
"gene-289528"	-1.11397718129834	8.4639537401436	11.6152072454038	0.00126870971920944	0.0338195402844902	"gene-289528"
"gene-349163"	4.4005954759596	-0.299747534292111	11.5776255081341	0.00128981401426842	0.0342961546393973	"gene-349163"
"gene-324223"	-0.444152048975619	7.00218212955472	11.5309943692125	0.00131651259715095	0.0348715835108901	"gene-324223"
"gene-195335"	-0.865760762316082	4.25896924872807	11.528404854888	0.00131801208832059	0.0348715835108901	"gene-195335"
"gene-34528"	-0.728117887736589	4.52017520188275	11.5197706579325	0.00132302477528033	0.0349173486597558	"gene-34528"
"gene-421289"	-0.407878554017908	4.06919083609599	11.5030537802759	0.00133278682777871	0.0350372631977893	"gene-421289"
"gene-328216"	-1.16235182904534	6.14396120411136	11.5004227052465	0.00133433014237918	0.0350372631977893	"gene-328216"
"gene-242607"	1.30136385214233	2.52686914914554	11.4951119292621	0.00133745100209689	0.0350372631977893	"gene-242607"
"gene-58752"	-1.43891629377407	8.58223440820182	11.4872514489539	0.00134208423391501	0.0350722553118429	"gene-58752"
"gene-428071"	-4.46556944042251	2.73312394909649	11.47058250551	0.00135196521340934	0.0351696486531659	"gene-428071"
"gene-328746"	-2.64758626531609	1.03369121809179	11.4698109173897	0.00135242443579775	0.0351696486531659	"gene-328746"
"gene-370842"	7.26403939531074	3.82269297577354	11.4570971515957	0.00136001481033093	0.0352807744455605	"gene-370842"
"gene-218421"	-0.904987477665986	6.98152391580396	11.4130000569731	0.00138668948812691	0.0358852296732795	"gene-218421"
"gene-268996"	-0.9069201602435	6.30590353944766	11.4039221271104	0.00139224853644439	0.0359416394019964	"gene-268996"
"gene-237372"	2.31618166319269	0.156390722934454	11.3872976740885	0.00140248948408274	0.0360434249237233	"gene-237372"
"gene-431362"	-4.72540905693806	1.75261536878614	11.3865224373682	0.00140296896562819	0.0360434249237233	"gene-431362"
"gene-85011"	0.629581366122714	4.73109236828001	11.3619919360161	0.00141823007948918	0.0363476990974625	"gene-85011"
"gene-326430"	-1.87888923783648	4.00461707724961	11.3523653963579	0.00142426646920309	0.0364146590539521	"gene-326430"
"gene-243630"	1.31255798880174	2.77275693874242	11.338777690315	0.00143283260626877	0.0365458215833923	"gene-243630"
"gene-345135"	-0.785960047791974	7.63920798121298	11.332854962503	0.0014365833723143	0.0365538295405141	"gene-345135"
"gene-78417"	-2.01660314385321	2.35038674510166	11.324922989727	0.00144162268811015	0.0365945081401898	"gene-78417"
"gene-149557"	-1.50424550010162	7.23804331638213	11.3093601062496	0.00145156396776589	0.0367591294313285	"gene-149557"
"gene-124877"	-3.98249203322215	0.621323253221049	11.5582871802176	0.00146318018019659	0.0369652836023063	"gene-124877"
"gene-39933"	-0.784696485519166	9.16311569188256	11.2713824950684	0.00147612619294305	0.0372039767491523	"gene-39933"
"gene-18874"	1.62497061638681	1.50973064089088	11.2548311470436	0.00148696681936916	0.0373886030515613	"gene-18874"
"gene-347717"	-0.402646635231184	5.00413939821084	11.2408177147865	0.00149621042833926	0.037532297442963	"gene-347717"
"gene-6190"	-0.663636008288506	6.54106855679493	11.2256746590807	0.00150626691565876	0.0376956586234037	"gene-6190"
"gene-257189"	5.56908675107951	1.7371033386289	11.1760648072628	0.00153971205127641	0.0383715335276152	"gene-257189"
"gene-223088"	-2.44805606082613	3.56965091762502	11.174925287396	0.00154048935843284	0.0383715335276152	"gene-223088"
"gene-259602"	-0.421948755937083	8.83132168355717	11.1046585038421	0.00158922472488207	0.0394369302539894	"gene-259602"
"gene-131578"	-0.662370963223606	4.38189077857103	11.1025990906917	0.00159067723570529	0.0394369302539894	"gene-131578"
"gene-266887"	-3.07578376262089	2.55268577150299	11.0905885256634	0.0015991761040885	0.0394864386145534	"gene-266887"
"gene-231177"	2.54373597913934	0.122805274951132	11.0892880480977	0.00160009919545624	0.0394864386145534	"gene-231177"
"gene-125849"	1.48585850107506	2.49229944294384	11.0337637222891	0.00164003669229089	0.040378310785199	"gene-125849"
"gene-229165"	-0.38069301433862	6.73466148257029	11.0017955042082	0.00166350368071416	0.0408170475770213	"gene-229165"
"gene-101822"	-0.730874799580866	7.61075539093649	10.9990545975931	0.00166553202787018	0.0408170475770213	"gene-101822"
"gene-219180"	2.11618170543771	1.07430657832636	10.9895056064344	0.00167261882863745	0.0408964916353745	"gene-219180"
"gene-333433"	-1.69109093767165	2.77201061220114	10.9630499919773	0.00169241857138447	0.0412365215546893	"gene-333433"
"gene-222746"	-4.09025768490164	2.78072875808936	10.9605798066708	0.00169427979685965	0.0412365215546893	"gene-222746"
"gene-223554"	-2.96612920489455	-1.55068063724066	10.9488187335181	0.00170317097186646	0.0413351025381715	"gene-223554"
"gene-173435"	-0.607041193497287	6.55706877871544	10.9449546020909	0.00170610285955785	0.0413351025381715	"gene-173435"
"gene-239129"	0.965128277812929	5.36660094618189	10.9238769383156	0.00172218886998731	0.0416300018663296	"gene-239129"
"gene-241886"	-1.8149870506346	0.839476765365339	10.8884932157049	0.00174955161347326	0.0421955350587339	"gene-241886"
"gene-20990"	3.30632008689339	0.577677149313423	10.8740910710572	0.0017608192251852	0.0422763450783354	"gene-20990"
"gene-285127"	1.36245372581914	4.13723868369091	10.874049439812	0.00176085190576369	0.0422763450783354	"gene-285127"
"gene-38486"	-0.376206870739962	7.62229139260685	10.8263782299309	0.00179869460061384	0.0430876481354251	"gene-38486"
"gene-370550"	3.59820949969333	-0.182546568803056	10.7974562699526	0.00182206858264823	0.0435494863933631	"gene-370550"
"gene-361030"	-0.429660437992893	5.48107613804885	10.7911690840343	0.00182719175580979	0.0435740168493116	"gene-361030"
"gene-302394"	-1.28131987268923	8.68408920599409	10.7464748017359	0.00186404966941235	0.0443535397849435	"gene-302394"
"gene-46495"	2.87486291184084	-0.966909354207169	10.7326842213	0.00187557913104698	0.0445239427151392	"gene-46495"
"gene-403902"	3.48632696220732	0.908733736028318	10.7279153085051	0.00187958351627468	0.0445239427151392	"gene-403902"
"gene-279942"	-1.5125463529712	5.70568896514555	10.7147028212059	0.00189072476522109	0.0445751375240365	"gene-279942"
"gene-223073"	-2.35975302415346	-1.34683464805594	10.7122737758047	0.00189278055314643	0.0445751375240365	"gene-223073"
"gene-59464"	-0.375519385106942	6.45429534783097	10.7060788712909	0.00189803414654193	0.0445751375240365	"gene-59464"
"gene-3175"	2.90093953903925	1.1000933491046	10.7055203126594	0.00189850858390265	0.0445751375240365	"gene-3175"
"gene-75648"	1.29362611643052	4.75016352467323	10.6653588288708	0.00193294981747724	0.0452826694389757	"gene-75648"
"gene-27466"	1.20088605204516	2.65590051018029	10.6593438241045	0.00193816427555524	0.0452826694389757	"gene-27466"
"gene-160065"	0.611956587281863	5.29644345265737	10.6556018281939	0.001941415688621	0.0452826694389757	"gene-160065"
"gene-215388"	-0.62519817455708	10.2260656092424	10.639522008853	0.00195545268706602	0.045510273040775	"gene-215388"
"gene-170317"	-0.696577975551722	10.8193604283468	10.6050680939502	0.00198588925812577	0.0461177252170867	"gene-170317"
"gene-182960"	-0.548941606134103	6.0203247602603	10.5960707416393	0.00199391909348295	0.0462033191248032	"gene-182960"
"gene-330102"	1.037839362486	4.07465339650063	10.5768743745495	0.00201116531478546	0.046501639756648	"gene-330102"
"gene-269228"	-0.592558770954513	6.97828313599507	10.5394134469302	0.00204527297129273	0.0471876861663113	"gene-269228"
"gene-428194"	-4.58196128745714	2.3037598933651	10.5219148931803	0.00206141265707127	0.0474571104342208	"gene-428194"
"gene-130665"	1.02234548604324	7.92437246982802	10.4903833654633	0.00209083392488593	0.0480304743522392	"gene-130665"
"gene-81834"	0.476632858003989	6.72122904032163	10.4849890387478	0.00209591122203709	0.0480433443051434	"gene-81834"
"gene-283242"	1.89488555713614	1.26390137762504	10.4493546456039	0.00212977811170485	0.0486776329986969	"gene-283242"
"gene-222159"	2.75211674443343	4.99591394202774	10.4462709770181	0.00213273570678758	0.0486776329986969	"gene-222159"
"gene-7406"	-0.734990891407345	8.16746534088248	10.4253798566868	0.00215288658733891	0.0490323377793076	"gene-7406"
"gene-380546"	2.64660467945886	0.269885867295827	10.4057777353226	0.00217197592172294	0.049361401503088	"gene-380546"
"gene-241506"	-2.65033813363841	5.53116048233113	10.4009426831094	0.00217671175278796	0.0493635526709014	"gene-241506"
"gene-1428"	-0.611825530668948	6.51967205029509	10.3739738663887	0.00220332673568148	0.049824483921432	"gene-1428"
"gene-421271"	1.39611400701124	4.47992976652356	10.3708759738181	0.00220640578478699	0.049824483921432	"gene-421271"
"gene-136773"	-2.23803855635332	9.12559029000468	10.3596483012099	0.00221760306856918	0.0499712420281818	"gene-136773"
