"logFC"	"logCPM"	"F"	"PValue"	"FDR"	"Gene"
"gene-222600"	10.6519101503829	6.63371368517971	262.644331613218	6.23774146195482e-12	6.02316315566357e-08	"gene-222600"
"gene-225030"	9.7387174310407	5.60936235725559	137.347448183006	5.00488823027499e-11	2.41636003757677e-07	"gene-225030"
"gene-222486"	13.0796970083453	4.95549546121176	578.65106890367	1.89983106151492e-10	5.30648148331446e-07	"gene-222486"
"gene-224896"	12.3584070032646	3.97630348548539	207.081973849184	2.45236144581872e-10	5.30648148331446e-07	"gene-224896"
"gene-225709"	12.3314856156469	3.95973597203163	538.308850811532	2.74776381696068e-10	5.30648148331446e-07	"gene-225709"
"gene-431701"	11.3585343938869	3.18569557693066	193.587980451418	3.97719941375003e-10	6.40063958986171e-07	"gene-431701"
"gene-241055"	8.83408717132813	2.84525558439693	92.248781631258	2.11433884408671e-09	2.82998901021803e-06	"gene-241055"
"gene-241126"	13.0364826150665	4.81316729846358	227.640232081593	2.41879819565704e-09	2.82998901021803e-06	"gene-241126"
"gene-222365"	9.47527318637802	4.31013684846282	99.4751066067099	2.73098663209213e-09	2.82998901021803e-06	"gene-222365"
"gene-224357"	13.0486085249716	4.51802044536904	121.101770247027	2.93080883411147e-09	2.82998901021803e-06	"gene-224357"
"gene-224782"	8.876004795068	2.89589542776873	86.1132265375058	3.93813943958370e-09	3.45697040260183e-06	"gene-224782"
"gene-240623"	9.38514470701242	3.23738884456393	112.870748180447	5.01285796061436e-09	4.03367970564102e-06	"gene-240623"
"gene-240910"	9.62057892150002	3.72042479882155	109.739387385707	6.20424181240695e-09	4.60831991850781e-06	"gene-240910"
"gene-222350"	10.72867735137	2.1703789233757	281.718256857379	7.31234727903434e-09	5.04343038045397e-06	"gene-222350"
"gene-224227"	9.31771629347832	2.95467572527766	104.228940753075	9.14918914409460e-09	5.88963802502516e-06	"gene-224227"
"gene-430068"	9.14140922341777	4.33153007711417	75.8080168174613	1.21854945379768e-08	7.353945953669e-06	"gene-430068"
"gene-225140"	9.47758792965103	3.03562332792999	113.845558143148	1.64049005794352e-08	9.31798352911917e-06	"gene-225140"
"gene-222531"	11.7669814785152	3.48491387331369	110.185201669587	2.04987153104281e-08	1.09964219465274e-05	"gene-222531"
"gene-224968"	8.46983018865564	2.72825155800572	100.795042734517	3.7460371825099e-08	1.90377552812188e-05	"gene-224968"
"gene-225236"	7.8171057124241	1.99192249053851	65.9242774003289	4.05622558159036e-08	1.95834571079183e-05	"gene-225236"
"gene-240691"	11.7334643620035	3.63860290196003	84.0916418494892	4.48011929376956e-08	2.06000151907804e-05	"gene-240691"
"gene-224956"	9.79989894414552	8.27370572350308	64.5667798260313	4.83575080018487e-08	2.12245498757205e-05	"gene-224956"
"gene-225173"	10.2191788795525	2.13581806534139	95.9050305318612	5.23027105897207e-08	2.18547109106688e-05	"gene-225173"
"gene-224743"	9.76652560785744	1.75991791656628	188.433394015284	5.43199111284229e-08	2.18547109106688e-05	"gene-224743"
"gene-240929"	11.9025866896901	3.56092268944964	129.5192196445	6.37471801617424e-08	2.46217108656714e-05	"gene-240929"
"gene-222332"	14.4259797304031	5.75070292999887	92.4206171566948	6.6956434955706e-08	2.48665898435499e-05	"gene-222332"
"gene-224682"	10.6064917152822	2.49063718519191	88.6038653047141	8.85909219355017e-08	3.16827386003409e-05	"gene-224682"
"gene-430263"	10.8624580261416	2.3934701898838	86.8984983116871	1.00736324023719e-07	3.47396408847511e-05	"gene-430263"
"gene-222383"	8.58421638195596	4.8717401673674	63.2717070847659	1.11241680227222e-07	3.70396435956572e-05	"gene-222383"
"gene-225720"	10.3559581602749	2.04894643985392	84.3159239152114	1.22885672456655e-07	3.95528017747155e-05	"gene-225720"
"gene-222555"	9.36438730250033	0.795639110008075	149.450695624719	1.69693452078077e-07	5.28567733311586e-05	"gene-222555"
"gene-222519"	8.18161246176213	2.58615845731504	74.9134434981479	2.6551264280621e-07	8.0118439966774e-05	"gene-222519"
"gene-390956"	7.66854475652889	5.07948225265964	51.0268760281466	3.31229718649861e-07	9.69198231297896e-05	"gene-390956"
"gene-225107"	9.41442377918982	0.882459057776818	125.33642242859	3.98822887869191e-07	0.00011326570015485	"gene-225107"
"gene-224875"	13.0631162253767	10.2498294587278	48.2588031060644	5.13241077133131e-07	0.000141595881165643	"gene-224875"
"gene-406796"	1.84617834896654	4.56374713581545	47.8468114602796	5.48631427561198e-07	0.000147155140681415	"gene-406796"
"gene-323803"	2.51419539328311	6.63130087309159	44.6873362760436	9.27548414717739e-07	0.000242065067365256	"gene-323803"
"gene-390616"	12.005068832519	3.52804683449619	53.0194101460882	1.12130705140587e-06	0.000284930023378292	"gene-390616"
"gene-224201"	10.6996282630448	2.69080118629772	98.8451532596251	1.24226643049247e-06	0.00030334934202411	"gene-224201"
"gene-241262"	-8.4078390116316	4.23662100752871	49.5645548008836	1.27530385770327e-06	0.00030334934202411	"gene-241262"
"gene-323148"	8.07074946771867	3.42629568329537	45.6608563600099	1.2880409095887e-06	0.00030334934202411	"gene-323148"
"gene-225738"	8.35794758718727	-0.0989370900158683	72.0775386968575	1.63094787484085e-06	0.000374962682844364	"gene-225738"
"gene-220028"	2.85595843643147	2.48034137439473	41.2044123774219	1.70572477026784e-06	0.000383034380969914	"gene-220028"
"gene-226245"	4.14520960397926	2.46897460355563	40.3133488379808	2.00446080522375e-06	0.00043988803489183	"gene-226245"
"gene-224697"	11.0389404530503	9.43539780665546	39.3421782891746	2.39644722567025e-06	0.000514224320246044	"gene-224697"
"gene-322912"	7.76385047627571	1.45005355883956	52.0998724202996	2.5740129528699e-06	0.000540318892889386	"gene-322912"
"gene-428738"	9.99321611497871	5.63574974530271	41.0754950990029	2.7222964313511e-06	0.000559287113640983	"gene-428738"
"gene-240833"	12.8304068557902	5.17446175273952	51.1583905369985	2.87299351014291e-06	0.000577950527790416	"gene-240833"
"gene-241001"	10.9139140028838	2.70982912209482	80.2413528194612	3.30567349333252e-06	0.000651420066359567	"gene-241001"
"gene-430032"	12.8695742303558	4.87939950777412	58.0560300287223	5.09441036452991e-06	0.000983832529598016	"gene-430032"
"gene-120952"	2.68290856748343	4.40097833823737	34.9542929767174	5.57879136300868e-06	0.00105625116472964	"gene-120952"
"gene-224593"	10.4062427682989	1.38614277039637	71.2507449977812	5.72111451000418e-06	0.00106236695593462	"gene-224593"
"gene-326849"	12.5381235974979	4.63085129625277	70.1169444972816	6.15734268658982e-06	0.0011217981317304	"gene-326849"
"gene-244235"	6.63446253307094	0.0715000646433864	34.3638369322149	6.28251905606288e-06	0.00112340748158043	"gene-244235"
"gene-430314"	8.216063520165	0.638657899453072	67.6040792222707	7.27404655515546e-06	0.00127705806430147	"gene-430314"
"gene-225635"	5.27948422167534	0.246045015248587	32.2040297335927	9.81143343920721e-06	0.00169177145158901	"gene-225635"
"gene-90157"	8.92495832154398	4.86174293800394	33.8106700263954	1.01131655779877e-05	0.00171320573370262	"gene-90157"
"gene-322927"	7.66551853312577	2.09610919447577	31.9548449860766	1.03414283769548e-05	0.00172166952427371	"gene-322927"
"gene-223419"	-7.15372144063304	8.70664299263134	30.9933541808005	1.26992398669924e-05	0.00207837051111319	"gene-223419"
"gene-240871"	12.1392612296649	4.87173193832738	47.6099677645885	1.39875185398521e-05	0.0022510579836802	"gene-240871"
"gene-428765"	12.1715218834689	3.75970129594497	56.4367321020329	1.64051544165097e-05	0.00259685526304619	"gene-428765"
"gene-224860"	8.43829012072345	11.1405666651685	29.401260587858	1.79984762871698e-05	0.00278151567616479	"gene-224860"
"gene-430080"	8.33413921641915	1.61762877560621	37.2242421776082	1.81478342583246e-05	0.00278151567616479	"gene-430080"
"g14784"	6.0868580301602	2.8514850820948	28.8109503421337	2.05416912795442e-05	0.00309922767180124	"g14784"
"gene-224061"	-10.7591773657871	5.77144765277839	28.4781994436737	2.21461936135767e-05	0.00328990223896456	"gene-224061"
"gene-407280"	-10.4809588136372	2.75711456877174	29.724158437609	2.29857397288187e-05	0.0033282038891658	"gene-407280"
"gene-430780"	8.80797244532923	4.20855297372308	28.2938920551116	2.30933782698952e-05	0.0033282038891658	"gene-430780"
"gene-401453"	1.83741667403993	5.06186095970975	28.2247822470351	2.34598643323155e-05	0.0033313007351888	"gene-401453"
"gene-239553"	-2.14130944975245	2.08244337360635	28.1222296517732	2.40154433238242e-05	0.00336076986572242	"gene-239553"
"gene-237881"	2.08561075592116	2.39227250130886	27.1471503307798	3.007740243561e-05	0.00414896282740357	"gene-237881"
"gene-241238"	-12.4139600305101	4.52442756208468	31.2316611188423	3.73317303559637e-05	0.00504968784122352	"gene-241238"
"gene-222344"	8.17216262732441	0.206103070089098	46.7013630203382	3.76530162145913e-05	0.00504968784122352	"gene-222344"
"gene-403809"	10.3373977924191	7.88046649482771	26.0342062659067	3.91129121473294e-05	0.00517362026978921	"gene-403809"
"gene-223318"	-5.73155009263238	6.8273373156002	25.8195409018109	4.11758269468131e-05	0.00537288898646523	"gene-223318"
"gene-223773"	-9.79671648384974	2.23982891722173	30.1614588481768	4.520725465276e-05	0.00582028334569401	"gene-223773"
"gene-330102"	1.96449623299958	3.71994961465992	24.4490174749572	5.75024039003814e-05	0.00730583173765898	"gene-330102"
"gene-222159"	4.55242607258409	4.22577031783427	24.3502327727408	5.892693412144e-05	0.00738959059580032	"gene-222159"
"gene-222746"	-6.31860009287405	0.553989898421817	24.2123827852127	6.09795924896567e-05	0.00754896083436057	"gene-222746"
"gene-225325"	4.84342746905212	2.55872596853064	23.585916193847	7.13443545075222e-05	0.00872026692562828	"gene-225325"
"gene-227370"	1.54665694397219	3.58801634267576	22.6116227769577	9.14910364881274e-05	0.0110409356004332	"gene-227370"
"gene-391222"	10.4246087984941	2.70135656461765	37.77616402823	9.26176246515216e-05	0.0110409356004332	"gene-391222"
"gene-323088"	1.83183847718554	3.05240515725956	22.1048335121208	0.000104365727310377	0.0122897007671829	"gene-323088"
"gene-224890"	5.15793806140251	0.0754005271823994	22.0463712455416	0.000105973875365986	0.0123287197654694	"gene-224890"
"gene-224079"	-9.10411031150829	0.706215180985134	25.43299111956	0.000111699795956553	0.012840157497101	"gene-224079"
"gene-380597"	1.76994208445245	6.78482053204553	21.4229306675006	0.000124912396597834	0.0141900482535139	"gene-380597"
"gene-428852"	5.99525538444223	8.64135416119468	20.6615184121549	0.000153218279082477	0.0172032058467488	"gene-428852"
"gene-223491"	-4.39166893276957	1.66067497430217	20.2541708255189	0.000171184128496077	0.0189994706294037	"gene-223491"
"gene-237494"	-5.75401460621943	1.59136322894381	19.8165191804446	0.000193088077046634	0.0209576432084957	"gene-237494"
"gene-286545"	-2.25474729394432	5.62833210088592	19.8150233164802	0.000193168003889407	0.0209576432084957	"gene-286545"
"gene-75744"	6.39269708604733	6.05333625661515	19.4629485370213	0.00021302548334856	0.0228552674134855	"gene-75744"
"gene-240056"	-8.16454360413626	0.526333811419603	21.6789668992056	0.000248153219898457	0.0263315108938406	"gene-240056"
"gene-84970"	4.15263495618277	-0.0561887935785109	18.7276362945338	0.000262090280434237	0.0275080842160107	"gene-84970"
"gene-223599"	-4.65815019675604	3.72734556227906	18.5473895908893	0.000275920958078162	0.0286483093677713	"gene-223599"
"gene-80359"	4.86438006419306	3.31942242015322	18.4892626132632	0.000280549743574764	0.0288190247229566	"gene-80359"
"gene-87700"	1.30467284176249	5.62579002074966	18.3504344893626	0.000291952142692254	0.0296746304193305	"gene-87700"
"gene-425532"	2.92434418717069	3.7120192839178	18.308853605176	0.000295465182298624	0.0297188729195365	"gene-425532"
"gene-238407"	7.1311236588339	2.60767542004237	18.0505006712209	0.000318355589191105	0.0316911501982403	"gene-238407"
"gene-124877"	-7.54745171544155	0.424602111071153	18.4666507144933	0.00033810531547097	0.0333137237366091	"gene-124877"
"gene-282853"	9.00608825017479	4.56212017624997	17.7610998952184	0.00034632440748107	0.033778873521588	"gene-282853"
"gene-351044"	-6.24859559848684	-0.963314879807238	18.0436944637855	0.000379968810774976	0.0366897883684316	"gene-351044"
"gene-326873"	9.80104293862883	2.2323381501883	25.7988165266446	0.000424920455049791	0.0406240783560473	"gene-326873"
"gene-229506"	-7.18016741741451	2.20693096247677	18.161164540475	0.000449934397234829	0.0425937896048971	"gene-229506"
"gene-58433"	-7.28968337285508	-0.70370545281374	17.1155926261492	0.000493349975202475	0.0462503627238359	"gene-58433"
