"logFC"	"logCPM"	"F"	"PValue"	"FDR"	"Gene"
"gene-372264"	-11.6175075520752	3.44833566485779	259.387364506445	4.37036280135016e-16	2.72446220371407e-12	"gene-372264"
"gene-237342"	-10.7323083479978	3.9842185471681	279.472951991916	7.37511240555346e-16	2.72446220371407e-12	"gene-237342"
"gene-44107"	-8.84175914523673	5.4140761236955	169.751733891198	7.72021026838783e-16	2.72446220371407e-12	"gene-44107"
"gene-8100"	-11.2403670100424	4.26677190074768	155.301643819112	2.77585677117091e-14	7.34699890909662e-11	"gene-8100"
"gene-178966"	-10.3075521606486	3.90267234598431	125.876668471355	5.09303004694174e-13	1.06753781656542e-09	"gene-178966"
"gene-156891"	-8.95264057093872	5.2005179161999	109.94127452703	6.05008680399784e-13	1.06753781656542e-09	"gene-156891"
"gene-33981"	-12.9650981914255	6.60075530333887	142.533677802158	9.00456934015947e-13	1.21871822170669e-09	"gene-33981"
"gene-92145"	-10.7803139822369	4.48005244558424	154.986586076073	9.20916763356336e-13	1.21871822170669e-09	"gene-92145"
"gene-218723"	-8.6948140034231	4.06167402428467	105.281260227097	1.13416194317224e-12	1.33415249915161e-09	"gene-218723"
"gene-41508"	-7.1210178518109	6.31627562828308	103.27985961861	1.49496414492984e-12	1.58271854023722e-09	"gene-41508"
"gene-198922"	-11.5062391230982	4.37475607443314	130.345385511777	2.66267801332885e-12	2.56270655701023e-09	"gene-198922"
"gene-243159"	-4.47890511828678	4.51384881229228	98.4402278026459	2.96409770397963e-12	2.61507519933603e-09	"gene-243159"
"gene-39831"	-10.2086989849519	4.67319627917255	126.759261842536	3.72202707223422e-12	3.03116158567259e-09	"gene-39831"
"gene-157744"	-9.19555631934533	3.28987786373667	130.716481578634	6.54479239509824e-12	4.9492655062075e-09	"gene-157744"
"gene-53281"	-9.99121531892645	3.20280175526177	129.26431834242	7.42953723126972e-12	5.24376737783017e-09	"gene-53281"
"gene-362876"	-10.1029729669844	3.14880761167415	128.262457021304	8.11434348147973e-12	5.36915965240162e-09	"gene-362876"
"gene-372068"	-7.55378302643386	2.06639007630155	99.813902546192	1.09581396053339e-11	6.46219269914358e-09	"gene-372068"
"gene-118220"	-11.1803078364277	4.64578713998244	99.7935046913692	1.09870094063082e-11	6.46219269914358e-09	"gene-118220"
"gene-406501"	-9.22497208099935	2.74082017116263	99.3170013591619	1.16848441991423e-11	6.5109181861221e-09	"gene-406501"
"gene-199491"	-9.74348165480724	2.47326081268183	114.093864097212	1.29707696082836e-11	6.86607689214492e-09	"gene-199491"
"gene-340320"	-9.12052786415767	2.35406520503736	114.226794354446	2.97531769514954e-11	1.49479562284934e-08	"gene-340320"
"gene-226987"	-6.36934286282107	4.67038807691065	83.0594198112213	3.10621551928644e-11	1.49479562284934e-08	"gene-226987"
"gene-122800"	-8.43437900771751	2.29113612825419	111.5596326731	3.8648322531525e-11	1.77899908974459e-08	"gene-122800"
"gene-364225"	-8.06343357795409	0.903260055368216	108.935976743821	5.02396236061287e-11	2.21619539632535e-08	"gene-364225"
"gene-177267"	-10.4594406782632	3.82179410097923	100.808510597427	5.44944882099025e-11	2.30773258671295e-08	"gene-177267"
"gene-333573"	3.82886510125315	3.48731409403579	78.2640427782868	6.87336775727361e-11	2.79878247870214e-08	"gene-333573"
"gene-116614"	-10.0504514851158	3.73558752638815	85.842179561936	7.3586440038344e-11	2.88540607661462e-08	"gene-116614"
"gene-170101"	-9.02534951339963	2.96996227430041	88.7584966020191	8.79599324240965e-11	3.26002298740343e-08	"gene-170101"
"gene-218923"	-7.0032750964579	3.05699183351255	76.72594156714	8.9298825573533e-11	3.26002298740343e-08	"gene-218923"
"gene-114203"	-7.84892323979894	0.84118757820717	92.4710867305701	1.45002418424409e-10	5.11713534619739e-08	"gene-114203"
"gene-20646"	-8.13369981701032	1.58351123243375	97.6427901043562	1.6523912259094e-10	5.64318255119446e-08	"gene-20646"
"gene-227053"	-10.5089375318419	4.68433649166391	96.4396748158925	1.88782971085863e-10	6.24576660901886e-08	"gene-227053"
"gene-50706"	-9.078070182627	2.56151427856061	94.2307096504404	2.41921979270553e-10	7.76129695314348e-08	"gene-50706"
"gene-321850"	-6.40354450879204	0.852307694003035	70.8834685760255	2.49512674534854e-10	7.76938436853089e-08	"gene-321850"
"gene-136337"	-8.92984533437781	3.68443444581026	93.1818530056169	2.72593279014649e-10	8.2455572712231e-08	"gene-136337"
"gene-290343"	-7.62040219051507	4.51672427042054	76.4139095898259	3.03437503839281e-10	8.68999593798453e-08	"gene-290343"
"gene-253843"	-7.49810064165452	4.004630728066	69.8005778400225	3.03702512237109e-10	8.68999593798453e-08	"gene-253843"
"gene-122791"	-9.80708848291491	3.20833587448106	89.7029853889966	4.08122446611372e-10	1.13705061638805e-07	"gene-122791"
"gene-302907"	-8.80322180807502	3.104527284496	83.8600452737858	4.29025329634377e-10	1.16463876021517e-07	"gene-302907"
"gene-26135"	-9.77672398010514	3.63415416839282	73.8779739345736	4.53595088650146e-10	1.20055280088477e-07	"gene-26135"
"gene-242461"	-8.67114063572871	2.41378887439024	88.3399498907197	4.79631841214242e-10	1.2385030007159e-07	"gene-242461"
"gene-385611"	-9.28170418436215	4.4028612644683	76.5533035843788	4.98295840060822e-10	1.25606144255331e-07	"gene-385611"
"gene-7352"	-9.11555782062734	3.67672117561224	71.9593374939831	6.18810564211777e-10	1.52356917286281e-07	"gene-7352"
"gene-428508"	-6.41401880408418	2.90837940012778	63.5543097321174	9.82493854593114e-10	2.3595880248894e-07	"gene-428508"
"gene-398573"	-6.90276801702153	1.71862287036315	63.4480422702383	1.00294192046872e-09	2.3595880248894e-07	"gene-398573"
"gene-14822"	-4.99715674007904	3.56033937033913	62.594759578577	1.1842760828979e-09	2.72563714992174e-07	"gene-14822"
"gene-133498"	-7.66800511613351	0.985144242199483	67.6048001739237	1.27980552438436e-09	2.88283001843771e-07	"gene-133498"
"gene-244823"	-8.50836104285709	4.00295318073353	61.6323072694103	1.43090453999106e-09	3.15603882601779e-07	"gene-244823"
"gene-58400"	-3.84524509141648	2.14469789481256	61.2286166635055	1.54992220970941e-09	3.34878090493745e-07	"gene-58400"
"gene-308117"	-5.91746066810616	3.14402565462749	60.9965029985178	1.62302762146411e-09	3.40585098040104e-07	"gene-308117"
"gene-334058"	-8.13563614797634	4.49080244986556	60.9421143363621	1.6406763011283e-09	3.40585098040104e-07	"gene-334058"
"gene-29112"	-7.92033897716897	1.75571417466287	78.2432027635881	1.69038860878954e-09	3.44156619254901e-07	"gene-29112"
"gene-193446"	-10.3137767719999	4.97157458295379	77.322066754968	1.90772844121142e-09	3.81077754851043e-07	"gene-193446"
"gene-249784"	-7.01428953055393	2.73917066233795	64.504285317508	2.18951413535334e-09	4.25051537218725e-07	"gene-249784"
"gene-301715"	-5.30365561783352	4.69958074255272	59.4600193987957	2.20816421526682e-09	4.25051537218725e-07	"gene-301715"
"gene-252984"	-7.77139538941379	4.82198569496568	66.8757773916807	2.28289059897668e-09	4.31588620917253e-07	"gene-252984"
"gene-99832"	-8.1562526394534	2.66553601898047	73.0243446590981	3.40394950220942e-09	6.32238831226159e-07	"gene-99832"
"gene-419623"	-7.44439705531151	-0.441651409523152	63.8411052938568	3.79640647248001e-09	6.92975091795618e-07	"gene-419623"
"gene-122764"	-8.70168680233942	1.90909434505449	67.6141036158494	4.26333807920586e-09	7.65016275331398e-07	"gene-122764"
"gene-140193"	-7.24541081066504	-0.10240887378796	65.9921429157302	5.47671353883479e-09	9.66366103927399e-07	"gene-140193"
"gene-383831"	-9.19320233156177	2.65985672505567	69.3767979350599	5.67747294329642e-09	9.74652372021014e-07	"gene-383831"
"gene-26944"	-4.15411818479177	7.35033911063301	54.8708207963601	5.70779702137554e-09	9.74652372021014e-07	"gene-26944"
"gene-6405"	-5.51675883603406	3.86216569257835	60.750542585421	6.48291547377352e-09	1.08943850985461e-06	"gene-6405"
"gene-350745"	-9.74781796288696	5.4010856941668	64.1085524186984	7.36596651152991e-09	1.21849199152449e-06	"gene-350745"
"gene-79518"	-10.3849929534613	5.26398757573624	57.5147103450372	7.8475208535762e-09	1.27818005041248e-06	"gene-79518"
"gene-104957"	-8.55700259763394	3.56221355970809	66.4184366166299	8.72385057464546e-09	1.38662622468698e-06	"gene-104957"
"gene-218523"	-10.4296510497444	3.79656701345699	63.0137649751684	8.77528639407080e-09	1.38662622468698e-06	"gene-218523"
"gene-244768"	-3.55915452092997	4.40986030515595	52.1394252643124	1.0276973926811e-08	1.60003416122276e-06	"gene-244768"
"gene-426390"	-8.42069293398913	3.199791695974	56.0255880991657	1.04332869397669e-08	1.60082911349729e-06	"gene-426390"
"gene-198745"	-7.26746911398281	3.08820846308586	53.2030378856212	1.10621195499827e-08	1.65773881212147e-06	"gene-198745"
"gene-41369"	-8.94211448811114	3.82148903081402	64.7895789134597	1.11173567262326e-08	1.65773881212147e-06	"gene-41369"
"gene-355067"	-3.03261100537509	3.61468547187925	51.290248727257	1.23842448992118e-08	1.82100001038827e-06	"gene-355067"
"gene-398558"	-6.8709051419282	3.19685475727935	54.9089251207701	1.29584402356739e-08	1.8793288599326e-06	"gene-398558"
"gene-200848"	-7.703504537532	2.34017828457226	62.3640954655436	1.60828571807428e-08	2.29547813394605e-06	"gene-200848"
"gene-79002"	-6.71018479935245	3.45085437080009	50.0647560764953	1.626153396108e-08	2.29547813394605e-06	"gene-79002"
"gene-242872"	-8.63272507997093	3.6580161563176	61.1717791456837	1.93563634236184e-08	2.69639236270853e-06	"gene-242872"
"gene-249966"	-7.95723088794464	3.12690148103362	60.4811489693453	2.15743214272963e-08	2.96632910325697e-06	"gene-249966"
"gene-181301"	-6.99234201342972	2.3994544865563	48.407601791894	2.36488331723977e-08	3.20987431789967e-06	"gene-181301"
"gene-185248"	-4.80066663675061	2.42056399923841	48.0725953404682	2.55314654170111e-08	3.42153954898603e-06	"gene-185248"
"gene-38873"	-6.83776192317191	2.18492421636383	52.906476387863	2.74807138733996e-08	3.63672897222101e-06	"gene-38873"
"gene-38083"	-8.52124730773966	6.70153142215244	50.7099887929346	4.22007957109504e-08	5.43212614545558e-06	"gene-38083"
"gene-112469"	-9.51888837394294	2.18351210335307	53.732928040892	4.24090755931546e-08	5.43212614545558e-06	"gene-112469"
"gene-61479"	-6.77275183043693	4.93452167465274	45.8685987840048	4.25868017448581e-08	5.43212614545558e-06	"gene-61479"
"gene-181562"	-7.87182321913403	2.06611054511408	45.7187950685399	4.41156880506986e-08	5.55693966411405e-06	"gene-181562"
"gene-294684"	-8.2297092481913	3.08289487702063	55.9954231177228	4.46150818409081e-08	5.55693966411405e-06	"gene-294684"
"gene-145478"	-5.80580002912516	2.64734986573485	44.8127625034042	5.46812812020459e-08	6.73152004751232e-06	"gene-145478"
"gene-105556"	-5.28930157955278	1.52743013741012	45.4027821065229	6.12535660310805e-08	7.45392532840287e-06	"gene-105556"
"gene-163088"	-5.53602243950216	4.85392188511495	47.1733936298381	6.30817289335696e-08	7.5891620934057e-06	"gene-163088"
"gene-363459"	-8.48047108351463	3.57216425453576	53.8036592594679	6.45714944469104e-08	7.68110574954428e-06	"gene-363459"
"gene-244566"	-9.42875108825944	3.72183537069031	46.7875821425017	6.85370196728805e-08	7.97775043253989e-06	"gene-244566"
"gene-183342"	-8.138457254756	3.87586721130459	43.8683529404762	6.85723329896222e-08	7.97775043253989e-06	"gene-183342"
"gene-122433"	-3.91101599930359	4.13015196254781	43.7525189606516	7.05158216608682e-08	8.11468482525665e-06	"gene-122433"
"gene-371957"	-6.09132749462013	-0.92032874253823	48.0222740754141	7.24934434731289e-08	8.25256006505393e-06	"gene-371957"
"gene-334325"	-6.26973822289712	3.97610655769554	46.4243387901353	7.4131338958712e-08	8.34923920804132e-06	"gene-334325"
"gene-57448"	-4.36001177442562	3.47811078333599	43.4356201977932	7.61347223801081e-08	8.48461374566531e-06	"gene-57448"
"gene-16181"	-7.69401723252501	2.95984688107752	52.7763401717745	7.70609262596615e-08	8.4983752740733e-06	"gene-16181"
"gene-56700"	-5.96251432166982	1.90254913221496	47.3242336482102	8.36857749840759e-08	9.13382783254033e-06	"gene-56700"
"gene-7154"	-10.2851018610887	6.15536808354067	45.6830827521408	8.71033285361123e-08	9.40982591032471e-06	"gene-7154"
"gene-126153"	-5.38525513035038	3.06924603991309	42.7631792145721	8.96760013099949e-08	9.58989723099915e-06	"gene-126153"
"gene-179836"	-8.85901422003247	4.1969197210245	51.5156751993427	9.60423436133377e-08	1.01680029183441e-05	"gene-179836"
"gene-77414"	-5.0758789641	4.08707342231186	42.2546778600292	1.01587528475702e-07	1.06485857819035e-05	"gene-77414"
"gene-22821"	-7.06617032160642	1.50653196330586	44.8772096086885	1.03977114366399e-07	1.07922128411477e-05	"gene-22821"
"gene-133409"	-9.63918617220293	3.97953657573614	46.1018215739039	1.0794802858714e-07	1.10955900840005e-05	"gene-133409"
"gene-183629"	-7.57341795403748	3.06123826673966	44.5393471381863	1.12052226385697e-07	1.14067011610132e-05	"gene-183629"
"gene-432055"	-7.67493590884524	2.73300713415615	48.3304159229152	1.15566337464085e-07	1.15460974832744e-05	"gene-432055"
"gene-259706"	-6.15362803677955	4.56267087760092	41.7311973453365	1.1560275179249e-07	1.15460974832744e-05	"gene-259706"
"g14715"	-9.56454014927864	3.95560484875594	50.287952773346	1.19429846862464e-07	1.17275448020734e-05	"g14715"
"gene-172875"	-4.21049340646667	3.67791266138441	41.5929141410262	1.19634914387828e-07	1.17275448020734e-05	"gene-172875"
"gene-39560"	-7.68755232922793	1.13602188202383	50.1812924677228	1.21732971374249e-07	1.17599654556092e-05	"gene-39560"
"gene-273241"	-4.61849559850575	2.51177990259546	41.5035838864452	1.22318106604932e-07	1.17599654556092e-05	"gene-273241"
"gene-198760"	-5.08085971863542	3.48205395373885	41.4714728188056	1.23298022628943e-07	1.17599654556092e-05	"gene-198760"
"gene-99820"	-7.61972014258791	3.19791747231837	49.9469590091156	1.26962193913645e-07	1.20013280978907e-05	"gene-99820"
"gene-77495"	-4.13071483114186	1.41717191183978	41.2691428203394	1.29665428048032e-07	1.21483883782701e-05	"gene-77495"
"gene-22771"	-7.96882987027792	2.60685818124825	49.5724645929828	1.35826523254903e-07	1.26139947517514e-05	"gene-22771"
"gene-290739"	-4.28704689090617	4.90267492574632	40.5196040085713	1.56435979902978e-07	1.44016323411551e-05	"gene-290739"
"gene-170302"	-6.96168409325271	2.51392664692098	42.6153138515231	1.72660138471961e-07	1.57582145345056e-05	"gene-170302"
"gene-394641"	-5.56062572762721	-0.56423947834527	48.1880026114191	1.74835386672091e-07	1.58203610145079e-05	"gene-394641"
"gene-181289"	-8.93659679960655	3.3904755530076	48.1042054532929	1.77554626404425e-07	1.58270157127337e-05	"gene-181289"
"gene-517"	-6.589244392556	1.7024333522271	46.1048258366353	1.78370986612864e-07	1.58270157127337e-05	"gene-517"
"gene-142374"	-7.62104186379178	1.6298813382897	46.075949292658	1.79393774017951e-07	1.58270157127337e-05	"gene-142374"
"gene-92640"	-5.52030514612159	1.85188791495419	39.3200535126335	2.12062023316203e-07	1.8447285811591e-05	"gene-92640"
"gene-356255"	-8.88323824002983	4.62091347374093	45.2187907173234	2.12797388483255e-07	1.8447285811591e-05	"gene-356255"
"gene-114715"	-8.15453483390916	3.43165413825031	45.1831979511447	2.14320974291649e-07	1.8447285811591e-05	"gene-114715"
"gene-367041"	-8.63402122099136	3.42086564909896	41.4404883179299	2.26076778820824e-07	1.91520625661241e-05	"gene-367041"
"gene-213719"	-10.2169680820587	4.86611098026919	46.8036518175547	2.26127120125202e-07	1.91520625661241e-05	"gene-213719"
"gene-78265"	-6.6727658147906	4.22609109020242	41.3045103067621	2.33306490678761e-07	1.96033001334607e-05	"gene-78265"
"gene-67362"	-6.05898731050451	5.99844814368677	38.8554973457505	2.38890126774759e-07	1.99144076548376e-05	"gene-67362"
"gene-187157"	-6.30751669570708	4.48906106317918	38.7220681830864	2.47238974141392e-07	2.04493673377728e-05	"gene-187157"
"gene-377626"	-2.94714856221313	3.02087106225372	38.5249312833117	2.60140338457158e-07	2.13496570794258e-05	"gene-377626"
"gene-39079"	-7.80690085537194	3.39121696329944	45.7479585743344	2.76061143739975e-07	2.24417726559936e-05	"gene-39079"
"gene-87838"	-8.68862972936934	4.10501639929291	45.7171243598127	2.77686995176646e-07	2.24417726559936e-05	"gene-87838"
"gene-31907"	-7.7108803043352	3.41285634813579	40.4921764676742	2.81924257023809e-07	2.24820398350425e-05	"gene-31907"
"gene-145538"	-4.98101905224694	4.86954211745333	38.2073863859691	2.82432350813323e-07	2.24820398350425e-05	"gene-145538"
"gene-285738"	-7.02694563027559	3.98561605322252	41.620695475082	2.8466076636136e-07	2.24903248766247e-05	"gene-285738"
"gene-396148"	-6.11203037604388	2.78568293725268	38.7492525635878	3.02645291648549e-07	2.35596637652422e-05	"gene-396148"
"gene-92106"	-4.87620059389367	3.37218419415964	37.9414572782168	3.02646101074236e-07	2.35596637652422e-05	"gene-92106"
"gene-175843"	-5.67072199607873	0.742270314486524	39.917055954157	3.22772002915272e-07	2.49026496267238e-05	"gene-175843"
"gene-238229"	-7.27705682918948	-0.00689967818432874	39.8931205426773	3.24602403748738e-07	2.49026496267238e-05	"gene-238229"
"gene-275101"	-7.39816031044128	5.11560037539354	38.1817885698192	3.49145396309613e-07	2.65928223793516e-05	"gene-275101"
"gene-32615"	-8.2123817744732	3.73260318889324	44.115221799144	3.78091237542342e-07	2.84996369058957e-05	"gene-32615"
"gene-223270"	-4.22103637623602	2.01739805156368	37.0769172533821	3.79564447315698e-07	2.84996369058957e-05	"gene-223270"
"gene-77229"	-4.15441559834328	2.0684952679978	37.0213278898711	3.8516714919297e-07	2.87166521725773e-05	"gene-77229"
"gene-348880"	-8.65423441599607	3.09003012619839	43.9090458788608	3.93616663803104e-07	2.91413959418424e-05	"gene-348880"
"gene-197725"	-4.46127052109761	1.33290396058775	36.6860704314222	4.20854381980779e-07	3.09415648752119e-05	"gene-197725"
"gene-280975"	-8.49648506784136	4.46710957671669	39.8224416664054	4.27372811007123e-07	3.12041100009132e-05	"gene-280975"
"gene-351643"	-5.55384635843467	4.42768738968352	36.3981680707995	4.54277415702722e-07	3.29413356167446e-05	"gene-351643"
"gene-291112"	-4.62583262976382	2.43602230775023	36.1782969547398	4.81678341892754e-07	3.4690670786521e-05	"gene-291112"
"gene-305439"	-5.95592427406476	2.59079955053715	37.8793761209632	5.25993200630275e-07	3.76262838856265e-05	"gene-305439"
"gene-341425"	-7.31782119795208	3.40177407797008	40.6853560644298	5.43805044451292e-07	3.8639355742321e-05	"gene-341425"
"gene-69960"	-8.16931648229752	1.43013634016248	41.7767234391792	6.01104583224588e-07	4.23759502861382e-05	"gene-69960"
"gene-340338"	-7.68147545606343	2.46429775223306	37.3103260577704	6.04398648645213e-07	4.23759502861382e-05	"gene-340338"
"gene-275883"	-5.10468905692595	0.894914108679945	35.2682692774392	6.14990271753003e-07	4.28348816253227e-05	"gene-275883"
"gene-376728"	-3.8481191277144	2.70592662756238	35.2296352895888	6.2144558943804e-07	4.30015977475852e-05	"gene-376728"
"gene-144476"	-2.53685867156171	3.41488269841833	35.1204014148493	6.40086085800411e-07	4.40038401972009e-05	"gene-144476"
"gene-187747"	-5.2801354036332	2.19094046599645	34.8320773403225	6.92169802593192e-07	4.72774303229298e-05	"gene-187747"
"gene-147790"	-8.59329598466972	4.50978890375081	39.167927036157	7.55033309716413e-07	5.11549453495136e-05	"gene-147790"
"gene-44413"	-5.82926653313828	-1.13027893568793	36.3897259493507	7.58602665521265e-07	5.11549453495136e-05	"gene-44413"
"gene-303219"	-2.4693903995477	3.76680089278844	34.0710615131703	8.52232697813197e-07	5.71049846313184e-05	"gene-303219"
"gene-55294"	-5.30303322459198	2.88505840081651	33.9972051991391	8.6971846707686e-07	5.77666038849725e-05	"gene-55294"
"gene-39091"	-8.14095851710006	3.03211779091191	35.8268176439504	8.73019422083271e-07	5.77666038849725e-05	"gene-39091"
"gene-261546"	-8.26682082316641	3.28318709084393	39.8488186258382	8.91914342328449e-07	5.865029280889e-05	"gene-261546"
"gene-352199"	-2.44732306604384	3.88132939937878	33.6716086981038	9.51428151911753e-07	6.2177591631418e-05	"gene-352199"
"gene-415190"	-8.2411321875451	3.27516436345883	38.8673441241079	1.09530622453191e-06	7.11411472338607e-05	"gene-415190"
"gene-236062"	-4.02097270850106	4.24726784765936	32.9955004528936	1.14800687311997e-06	7.38348306029063e-05	"gene-236062"
"gene-83189"	-5.33469359217632	2.46509907156798	34.7337459571966	1.15072702838193e-06	7.38348306029063e-05	"gene-83189"
"gene-246645"	-8.5560600888642	4.23560133317851	37.0099100527777	1.2201378674972e-06	7.72388828873464e-05	"gene-246645"
"gene-296096"	-7.53069470319198	3.66994805246373	34.4898721559619	1.22463151555315e-06	7.72388828873464e-05	"gene-296096"
"gene-355708"	-8.33871334162502	3.40889127306431	34.4865682767531	1.22566660291624e-06	7.72388828873464e-05	"gene-355708"
"gene-92883"	-3.38576109968369	2.79247907840045	32.5871218464805	1.28707600802165e-06	8.03697885004574e-05	"gene-92883"
"gene-164026"	-7.54468147711916	2.84565500797736	35.1583998883404	1.29053216634342e-06	8.03697885004574e-05	"gene-164026"
"gene-31263"	-8.15077820424629	4.21989481296695	37.8932557394203	1.34723808720916e-06	8.34105826273882e-05	"gene-31263"
"gene-51064"	-3.1269426286355	4.10181955024032	32.3433588469573	1.37844247473631e-06	8.48463400001934e-05	"gene-51064"
"gene-340742"	-6.68847320568144	0.261058481939628	37.5315362784313	1.45608552083955e-06	8.89087577448268e-05	"gene-340742"
"gene-285657"	-5.48959547076744	3.38024759352961	34.6541736782507	1.46123773000849e-06	8.89087577448268e-05	"gene-285657"
"gene-153056"	-7.21048743380422	2.78508824648351	34.5085165148557	1.51490489498161e-06	9.16474178466875e-05	"gene-153056"
"gene-272736"	-7.75843381969098	5.69811443759965	33.5030890325902	1.57915857883443e-06	9.49917720120459e-05	"gene-272736"
"gene-181319"	-8.81117273109617	3.77454163250502	35.6271470378263	1.6738465919434e-06	0.000100004199068135	"gene-181319"
"gene-259401"	-6.80901087062787	3.13045212881621	33.261953914817	1.68137786286275e-06	0.000100004199068135	"gene-259401"
"gene-187248"	-4.60761770225242	0.898630978105169	31.4768189756167	1.76255651550066e-06	0.00010387876726815	"gene-187248"
"gene-299566"	-7.54123892995277	3.2626584660732	36.6417798454164	1.7661450938195e-06	0.00010387876726815	"gene-299566"
"gene-145496"	-3.60791951772482	4.29413836385397	31.2757606471029	1.86685523841426e-06	0.000109195560271225	"gene-145496"
"gene-131605"	-5.84905053317741	2.40844082363385	31.1381140144406	1.94199123449963e-06	0.000112871748947678	"gene-131605"
"gene-304890"	-4.8232785452447	4.75801690570646	31.0849237331671	1.9718724911847e-06	0.000112871748947678	"gene-304890"
"gene-211303"	-5.11807252536806	2.12759387912395	33.4295740648935	1.9840170801257e-06	0.000112871748947678	"gene-211303"
"gene-305917"	-8.01350929962983	3.4908427173999	34.8902014557868	1.98675763902388e-06	0.000112871748947678	"gene-305917"
"gene-262574"	-6.20656115404947	4.58466512174403	31.0500844046098	1.99170653189264e-06	0.000112871748947678	"gene-262574"
"gene-306260"	-7.76625105739042	4.10977458445805	32.6115205609843	1.99367309466476e-06	0.000112871748947678	"gene-306260"
"gene-280686"	-8.48674145389194	4.77693163009581	33.3782341545669	2.00988160387901e-06	0.000113184130533335	"gene-280686"
"gene-180400"	-7.51579763623016	2.65440754410955	30.8041904675782	2.13780437942067e-06	0.000119540392486323	"gene-180400"
"gene-174508"	-4.09195542201235	3.86908771499427	30.7742669785185	2.15633845006828e-06	0.000119540392486323	"gene-174508"
"gene-285765"	-8.03259922511465	2.89638040281103	33.0996426841636	2.15662746433246e-06	0.000119540392486323	"gene-285765"
"gene-340805"	-8.33138397513122	3.43042945717471	35.7072200503844	2.16972539341005e-06	0.000119640014271001	"gene-340805"
"gene-377608"	-3.06580112497022	4.39722500783277	30.6584248502588	2.22969911904629e-06	0.000122309971882607	"gene-377608"
"gene-287828"	-3.17420557868337	1.6869308865746	30.5850252708816	2.27753750574148e-06	0.000124290152439613	"gene-287828"
"gene-99384"	-3.7821219564673	2.30016736511762	30.5105895731398	2.32715585274647e-06	0.000126346661605266	"gene-99384"
"gene-275482"	-2.86347044678769	3.33933447479256	30.2104886717905	2.53904064787627e-06	0.000137147057852378	"gene-275482"
"gene-176614"	-4.68542699941459	3.68316379999906	30.1321757420658	2.59760967196445e-06	0.000139598444655267	"gene-176614"
"gene-402284"	-2.46865751786013	2.54809302084738	30.0793610043807	2.63791069629013e-06	0.000140068919860592	"gene-402284"
"gene-335727"	-5.49951431714512	2.63179222574809	30.0752570599795	2.64106970406848e-06	0.000140068919860592	"gene-335727"
"gene-194467"	-5.62166705083657	2.59123891328304	30.068791077811	2.64605497044663e-06	0.000140068919860592	"gene-194467"
"gene-45063"	-7.33451551349243	3.0493775205936	34.7938475930251	2.66134684344926e-06	0.000140177507619887	"gene-45063"
"gene-281940"	-5.19653599273551	2.00477023968396	31.43444673548	2.72581440767207e-06	0.000142862362049625	"gene-281940"
"gene-399571"	-5.87916738273458	3.3953168513729	30.4621856939935	2.75217306386571e-06	0.000143533281907125	"gene-399571"
"gene-170744"	-7.46501296714432	2.38353116475041	33.4650348235521	2.78387575857065e-06	0.000144474963999938	"gene-170744"
"gene-37517"	-9.7828536762507	5.91694659014538	34.1190117690706	3.10107879799983e-06	0.00016015181089963	"gene-37517"
"gene-164684"	-4.76717004693761	5.55832658518744	29.4805695692076	3.14374058393709e-06	0.000161566900787097	"gene-164684"
"gene-205721"	-2.77286169382344	3.75324194152375	29.419491707892	3.20079291572394e-06	0.000163704321733185	"gene-205721"
"gene-53242"	-7.60709899901622	2.89955791944845	30.6516199274874	3.36720230475088e-06	0.000171387359617296	"gene-53242"
"gene-273137"	-4.40467444278711	4.14505792600998	29.1916278725546	3.42344361487103e-06	0.000173416256223156	"gene-273137"
"gene-53224"	-5.99432092025975	-0.695518015323129	33.6607320369484	3.44388385554523e-06	0.000173620944660273	"gene-53224"
"gene-206297"	-6.33331590568002	5.24484029968276	30.840896262847	3.86448748975785e-06	0.000193902033431594	"gene-206297"
"gene-16211"	-7.23375430676696	2.34768212367377	31.9047562891675	4.06530942401692e-06	0.000203016183358807	"gene-16211"
"gene-191915"	-7.9865588747051	4.36957976025738	32.8732130101436	4.13181064269856e-06	0.000205368447296947	"gene-191915"
"gene-29902"	-4.4322950030283	3.55474952093186	28.5218032623947	4.17753343087756e-06	0.000206292803375947	"gene-29902"
"gene-198928"	-5.14937797139301	2.33203878084046	28.5123268696464	4.18937874051464e-06	0.000206292803375947	"gene-198928"
"gene-167337"	-2.27616141161356	4.05767641400565	28.2889469656279	4.4790876045928e-06	0.000219537502175111	"gene-167337"
"gene-286539"	-6.63078681126004	2.01693641062036	30.2103090107209	4.56583165759506e-06	0.000222757879073543	"gene-286539"
"gene-21271"	-7.40218265390265	3.54041043582712	32.4030213044371	4.61190871759985e-06	0.000223973750427659	"gene-21271"
"gene-291622"	-8.46720718413041	4.48526786224961	32.3694803707662	4.64837620980442e-06	0.000224713967731504	"gene-291622"
"gene-188322"	-5.24787785484502	3.81587531320596	28.5698045984304	4.74235995563855e-06	0.000227693259498017	"gene-188322"
"gene-391752"	-5.73463430676477	2.95976584420441	28.0913030091482	4.75301882960817e-06	0.000227693259498017	"gene-391752"
"gene-66244"	-5.81107420754321	3.66642615459183	28.5398854781955	4.78397190252624e-06	0.000228143741135339	"gene-66244"
"gene-226935"	-6.30035451750064	4.83123482370745	29.9711020747158	4.86627832624529e-06	0.000231028200179188	"gene-226935"
"gene-38816"	-4.45946487002989	4.72060732634505	27.9339249797184	4.98373962942335e-06	0.000235548444003147	"gene-38816"
"gene-77298"	-7.74757520100693	3.39345571980182	32.0387734268538	5.02499507922354e-06	0.000236442768461065	"gene-77298"
"gene-113124"	-6.3656329792129	3.84257336099874	27.859560595185	5.09683456809575e-06	0.000238761891913406	"gene-113124"
"gene-130853"	-6.33647454641493	4.29180853104233	27.7747461639105	5.22912834282719e-06	0.00024388009588331	"gene-130853"
"gene-322589"	-4.07850091153754	3.18512224177366	27.728516233949	5.30275580668975e-06	0.000246229279497475	"gene-322589"
"gene-193392"	-5.49501929893927	2.67384582390689	28.1660111664735	5.33772529799977e-06	0.000246770732445081	"gene-193392"
"gene-3053"	-7.63769823943221	2.99300654074052	30.432592959026	5.86595535047009e-06	0.000270012475197508	"gene-3053"
"gene-295673"	-7.57099578810707	3.68107448687231	30.3795050994413	5.945087251462e-06	0.000272470297537784	"gene-295673"
"gene-185155"	-2.50394614527022	2.57905431914237	26.7642213206787	7.11537067329768e-06	0.000324700126371563	"gene-185155"
"gene-285316"	-5.2598384515646	2.47309423736513	27.1646753568148	7.18124729176609e-06	0.000326299850119861	"gene-285316"
"gene-398654"	-5.08573058235825	1.50892243253562	28.4967923371765	7.24943987509856e-06	0.000327826974616026	"gene-398654"
"gene-80194"	-5.73932850721007	5.04285122522321	27.879544058737	7.27678653393466e-06	0.000327826974616026	"gene-80194"
"gene-1771"	-4.83235766090564	1.35395906706188	26.5964732247519	7.49231367119538e-06	0.000336106461173498	"gene-1771"
"gene-327631"	-7.59473942878969	3.46118760295628	27.758596269843	7.53183540537055e-06	0.00033645376133611	"gene-327631"
"gene-406603"	-1.73565639236341	2.47210911459568	26.4793605244943	7.76790217215716e-06	0.00034554109368331	"gene-406603"
"gene-24483"	-8.22184833885389	4.4527723964598	30.1488897726845	7.91344926659647e-06	0.000350542625043752	"gene-24483"
"gene-270171"	-7.07090634459156	2.76359333506135	29.2358980473318	7.95908786601125e-06	0.000351095263489421	"gene-270171"
"gene-114074"	-7.20885126991191	4.68147359442067	26.3394774976349	8.11112739819395e-06	0.000356317451305723	"gene-114074"
"gene-168137"	-5.00034967626468	1.80279327234341	28.0027023044337	8.30456411480714e-06	0.000363307521832493	"gene-168137"
"gene-386052"	-3.09354088310911	3.02013771265077	26.2315664099807	8.38680179996753e-06	0.000365395352494882	"gene-386052"
"gene-262696"	-5.77982997734021	3.32818703445233	27.8432775850038	8.67896090243216e-06	0.000376574422434628	"gene-262696"
"gene-240376"	-5.17658580578484	4.04735704363843	26.0712303521242	8.81476858485392e-06	0.00037996375439947	"gene-240376"
"gene-9388"	-5.2395439283475	4.53603214799903	26.0604863679432	8.84425653988553e-06	0.00037996375439947	"gene-9388"
"gene-34357"	-5.98242165948649	2.16814988182912	27.7668628232061	8.86474424640306e-06	0.00037996375439947	"gene-34357"
"gene-199239"	-7.40222274415091	3.68556527904653	29.6571588414537	8.92899359493729e-06	0.000380925464532733	"gene-199239"
"gene-20302"	-5.28846795598763	1.72527728107791	26.0189571817989	8.95921808812673e-06	0.000380925464532733	"gene-20302"
"gene-15837"	-4.73192473001246	1.66971141876016	26.0061017049544	8.99512289913887e-06	0.000380925464532733	"gene-15837"
"gene-247244"	-6.62427879857598	0.532805682199324	29.5885952502917	9.08137854955378e-06	0.000383046034677792	"gene-247244"
"gene-398591"	-5.91238827181636	0.201652776901684	29.5710057261738	9.12092087872746e-06	0.000383187259297967	"gene-398591"
"gene-92073"	-5.21164558861692	3.61499718624986	25.8454949025991	9.45668611478058e-06	0.000395723066787281	"gene-92073"
"gene-232153"	-7.10308015507573	3.12721380809678	29.2775606755496	9.80864316918927e-06	0.000408835059969318	"gene-232153"
"gene-141624"	-7.726414636444	2.77919661276517	29.1630789304928	1.0091884707407e-05	0.000418991307440463	"gene-141624"
"gene-136450"	-1.63574905687931	5.55980099186959	25.6216285539579	1.01420867662603e-05	0.000419430752321865	"gene-136450"
"gene-194412"	-6.99729820376589	2.58274919052431	26.6319151823894	1.04180203513014e-05	0.000429165686611781	"gene-194412"
"gene-121573"	-7.47674083514769	3.48572287328965	28.9545289652925	1.06307166610147e-05	0.000434718876738518	"gene-121573"
"gene-79536"	-7.46551352905337	4.38553026051688	26.549825939201	1.06698574432494e-05	0.000434718876738518	"gene-79536"
"gene-29082"	-6.40958906708671	0.851645698139904	28.1080661687261	1.06760090631921e-05	0.000434718876738518	"gene-29082"
"gene-228543"	-4.69690850327912	3.75347613437745	25.4269342126295	1.07807263216607e-05	0.000437300956197019	"gene-228543"
"gene-179774"	-7.16152668642743	0.834907699592922	26.2497752104214	1.16467094256871e-05	0.000470624857594465	"gene-179774"
"gene-39728"	-6.92188553956139	2.8274280310328	26.0025934527975	1.25226586661534e-05	0.000504096529652342	"gene-39728"
"gene-357269"	-7.51909949816767	1.17566738968529	27.441505554832	1.27363225142124e-05	0.000510755479007448	"gene-357269"
"gene-27908"	-7.66187391348715	3.5976254951098	27.7998408781058	1.42318597563975e-05	0.00056716687841663	"gene-27908"
"gene-378680"	-4.84216094106372	4.29203620189678	24.5453980976854	1.42501548747354e-05	0.00056716687841663	"gene-378680"
"gene-249148"	-7.79413448995054	3.57785766149617	26.9852543263687	1.43897333892804e-05	0.000570577181244615	"gene-249148"
"gene-194476"	-7.5310806696771	3.47680476769886	25.401125055995	1.49593217369397e-05	0.000590949026973809	"gene-194476"
"gene-162836"	-3.41185186527323	1.33955483795972	24.1965914390143	1.59318862900456e-05	0.000627029294248003	"gene-162836"
"gene-238220"	-6.71440852794043	2.67060334092931	27.2534084593398	1.63757826658588e-05	0.000642112633642398	"gene-238220"
"gene-274084"	-4.55259183694505	3.80538382992957	23.9631681830855	1.7173176157011e-05	0.000670894523890314	"gene-274084"
"gene-353046"	-3.01062741406027	4.1894069885845	23.8034975025387	1.80806693082783e-05	0.000703577269687251	"gene-353046"
"gene-93344"	-4.64169405988089	2.64068260389979	23.7928961817416	1.81426839165599e-05	0.000703577269687251	"gene-93344"
"gene-371805"	-5.68942994775721	-1.76772186773158	26.8297819424572	1.82765230856671e-05	0.000706180839080136	"gene-371805"
"gene-147885"	-7.43412031927962	4.23889379208194	24.6605588992744	1.86699062521292e-05	0.000718757445422881	"gene-147885"
"gene-255049"	-6.70747777776824	3.29996189312084	26.6099590175019	1.93551878692445e-05	0.000742439760766998	"gene-255049"
"gene-213663"	-6.44179960082756	4.52566206302281	23.9101911245081	1.95132371846537e-05	0.000745430763839925	"gene-213663"
"gene-64689"	-5.40659728771076	3.72044622330531	23.558290990908	1.95739824641068e-05	0.000745430763839925	"gene-64689"
"gene-141719"	-7.76499829733538	3.94899373360289	24.4236101742722	2.00542769706214e-05	0.000759906436764598	"gene-141719"
"gene-348484"	-5.39550102593066	3.46642211500976	23.4769440497222	2.00976482756293e-05	0.000759906436764598	"gene-348484"
"gene-227403"	-4.85697011500437	3.41259576346024	23.4236304254088	2.04488426028815e-05	0.000770433795860166	"gene-227403"
"gene-146304"	-7.15308676365606	3.72301411881721	26.3415312050243	2.07660713898941e-05	0.000779611339733364	"gene-146304"
"gene-97398"	-5.61039318153817	4.2960401637892	23.6003157196903	2.1525914583868e-05	0.000805282182683429	"gene-97398"
"gene-32245"	-7.47182125824163	2.89597137953258	26.0013536715285	2.27150354847391e-05	0.000846774931961031	"gene-32245"
"gene-185524"	-6.48200959493347	2.74775544255051	24.4395791817524	2.29505370010391e-05	0.000852552053438599	"gene-185524"
"gene-7331"	-5.7785941422322	4.03655277703802	24.4124083215855	2.31351611507113e-05	0.000856405423435598	"gene-7331"
"gene-206715"	-6.99372361065515	3.27040271763051	24.1588031488682	2.49366293853067e-05	0.000919874896523492	"gene-206715"
"gene-21537"	-5.87998368433343	-1.42214684941777	25.5315737006626	2.57366830009912e-05	0.000946091190734354	"gene-21537"
"gene-46835"	-7.1771040933326	3.51200612502708	25.5058313514129	2.59143026495734e-05	0.000949324298100462	"gene-46835"
"gene-145281"	-3.70801995952663	1.89074522691148	22.6800273125797	2.60819187310045e-05	0.000952169908983259	"gene-145281"
"gene-400657"	-6.97836444517891	1.35033642696772	25.3706551151176	2.6868900925883e-05	0.000977529395540632	"gene-400657"
"gene-20981"	-5.02914890851914	2.84787576921449	22.8615102100812	2.72625445677304e-05	0.00098845397033754	"gene-20981"
"gene-280707"	-3.46404422670853	2.9971443021092	22.4698870684933	2.79546341099378e-05	0.00101008775195192	"gene-280707"
"gene-419692"	-8.28257391932098	2.37293173715309	25.0473860988136	2.93086453010074e-05	0.00105296971364902	"gene-419692"
"gene-160999"	-3.22258771221732	4.01679376271962	22.323732683111	2.93403292270199e-05	0.00105296971364902	"gene-160999"
"gene-330657"	-5.64590722828173	4.05565576551382	22.2834324171968	2.97350168868204e-05	0.00106352913439449	"gene-330657"
"gene-172229"	-6.14546648489262	3.52405434881935	22.2507951708338	3.00587550281364e-05	0.0010714883484272	"gene-172229"
"gene-246959"	-7.43610061796841	3.07254881169081	24.9004740122198	3.0495231384851e-05	0.00108339937809201	"gene-246959"
"gene-175431"	-5.36927328952734	2.79509731098463	22.1820989516172	3.07523709881275e-05	0.00108594179512188	"gene-175431"
"gene-347420"	-8.39631535776518	4.80431022976303	24.8670983642923	3.07719409215607e-05	0.00108594179512188	"gene-347420"
"gene-88323"	-1.62752239900695	3.39099105695075	22.1290967654316	3.12990460021319e-05	0.001097656833383	"gene-88323"
"gene-194202"	-6.56007170484621	2.93518260295753	24.799519224664	3.13405291650291e-05	0.001097656833383	"gene-194202"
"gene-258523"	-3.12124215661346	4.38083683594217	22.1136210495823	3.14605902736581e-05	0.001097656833383	"gene-258523"
"gene-251998"	-1.93003398522886	3.47776105906809	22.1080818914668	3.15186244779855e-05	0.001097656833383	"gene-251998"
"gene-214212"	-6.61290579466219	2.87125498678362	24.7341971215612	3.19008808613792e-05	0.00110732664157187	"gene-214212"
"gene-184622"	-2.63809640954084	1.8235208293761	21.9890381085253	3.27935106868037e-05	0.00113459116876206	"gene-184622"
"gene-390753"	-7.95102140583952	3.36281617793414	24.5717460739819	3.33417021589169e-05	0.00114966504751683	"gene-390753"
"gene-399798"	-4.98736787130373	3.63131897361315	21.9299503315039	3.34463809044285e-05	0.00114966504751683	"gene-399798"
"gene-61250"	-0.997983852981224	4.82932936440839	21.8370129144714	3.45011255163877e-05	0.00118208225191585	"gene-61250"
"gene-47360"	-7.10336162921878	3.21064556759639	22.9167195700501	3.61949423963684e-05	0.00123611566177533	"gene-47360"
"gene-534"	-7.48494082320276	4.12867804915056	24.1991478274463	3.6917695058088e-05	0.0012567448153697	"gene-534"
"gene-214179"	-5.55812756821344	3.93608560138364	22.3848820105313	3.76041870010724e-05	0.00127231000756915	"gene-214179"
"gene-343084"	-6.07080702136793	-0.0840486822201071	21.5782350574648	3.76268945503528e-05	0.00127231000756915	"gene-343084"
"gene-291587"	-7.28931497959607	3.18802475640946	24.1193969445973	3.7735462583991e-05	0.00127231000756915	"gene-291587"
"gene-326347"	-3.69875650499096	3.37911257419523	21.4770696007643	3.89288077076297e-05	0.00130821972536169	"gene-326347"
"gene-79356"	-4.93361654774114	3.57844049123158	21.4680134020821	3.90476464734387e-05	0.00130821972536169	"gene-79356"
"gene-299976"	-6.60055174881537	1.78730314971328	23.7321949825492	4.19925975113132e-05	0.00140244678186837	"gene-299976"
"gene-300876"	-7.17254405757013	3.54330262013271	22.9422694755371	4.45501017199233e-05	0.00148318216009065	"gene-300876"
"gene-304002"	-7.47506257511125	3.40331619016473	23.4684546666933	4.51866714856121e-05	0.00149965921949271	"gene-304002"
"gene-218159"	-5.4519612516726	5.70458675150125	21.0061315735759	4.56457099520428e-05	0.00151015978519462	"gene-218159"
"gene-116474"	-8.04274790005837	3.99379889672738	23.3700708624116	4.6444289797138e-05	0.00153179344573925	"gene-116474"
"gene-198946"	-6.50135300727111	2.74273278189366	21.7009998711718	4.66899651895886e-05	0.00153511385547259	"gene-198946"
"gene-7712"	-3.39598082464978	0.0315587540387164	20.861381946363	4.79477219712735e-05	0.00157158678795626	"gene-7712"
"gene-44392"	-3.25534155022206	1.89288612572867	20.8345480894633	4.83877551395598e-05	0.0015811147026621	"gene-44392"
"gene-377320"	-1.38921740689329	4.44781388091459	20.7770895127022	4.93443663155705e-05	0.00160741171133214	"gene-377320"
"gene-16220"	-6.10847983220475	1.27045453260298	21.7651313941862	5.1550727537929e-05	0.00167413359645415	"gene-16220"
"gene-8715"	-7.45623775392985	4.7195028703288	21.3526715388709	5.2189003857026e-05	0.00168967884964628	"gene-8715"
"gene-417506"	-3.44672059482042	-0.128518562906197	20.5312200983259	5.36686939878372e-05	0.00173228799771107	"gene-417506"
"gene-229684"	-5.66107002078597	3.22990144260076	20.6748636953317	5.59158123902535e-05	0.00179933345220551	"gene-229684"
"gene-9379"	-7.10020108320162	3.20553917969591	22.6054372538516	5.76031783838772e-05	0.00184801469560639	"gene-9379"
"gene-323535"	-4.14397156354029	2.83644207537703	21.0120182139429	5.82359619621968e-05	0.00185949751284977	"gene-323535"
"gene-199539"	-3.48371499783849	0.413678526352704	20.2894397353051	5.83123806806577e-05	0.00185949751284977	"gene-199539"
"gene-229595"	-4.85089501029311	5.25440443492236	20.2425278370148	5.92614570505077e-05	0.00188408722460578	"gene-229595"
"gene-213608"	-4.53663015229015	3.31632545962455	20.209162506801	5.99463753348896e-05	0.00189316309059879	"gene-213608"
"gene-75362"	-5.28884626711591	3.94935325095176	20.2061118070399	6.00094147446356e-05	0.00189316309059879	"gene-75362"
"gene-41383"	-4.69564946605103	4.2633754821425	20.2025364243008	6.00833851366008e-05	0.00189316309059879	"gene-41383"
"gene-166529"	-6.57182023760106	2.07736411241608	22.3290607709515	6.23199864102314e-05	0.00195780918731489	"gene-166529"
"gene-206306"	-8.22308835662932	4.11810819734224	22.1597177357039	6.54142706191697e-05	0.00204804537026812	"gene-206306"
"gene-335283"	-6.05765350261663	-1.52027475690633	20.6455964646352	6.55792368490501e-05	0.00204804537026812	"gene-335283"
"gene-404655"	-2.27961226510777	2.91141658714084	19.9381571837158	6.58285792594556e-05	0.0020497857900584	"gene-404655"
"gene-384842"	-8.05904587090824	3.44736195767976	20.9190602362291	6.71994783006008e-05	0.00208633688201895	"gene-384842"
"gene-190490"	-7.66184081958027	4.54542700554217	22.0350227146518	6.77983021124791e-05	0.00209877375574507	"gene-190490"
"gene-259741"	-6.38505743432095	2.63215308043465	20.4858475405659	6.90828557636121e-05	0.00213230377250543	"gene-259741"
"gene-27484"	-6.77934232480922	3.13233027348137	21.8947757250912	7.05919025743722e-05	0.00216758341662939	"gene-27484"
"gene-409369"	-4.5935383100932	3.90716929258214	19.7350209673466	7.06353337807822e-05	0.00216758341662939	"gene-409369"
"gene-210469"	-3.98342490127909	3.21200670453847	19.6869522700971	7.18260514119919e-05	0.00219775261936057	"gene-210469"
"gene-273987"	-7.24604107202548	3.83143635038563	21.8076582084248	7.23894110026819e-05	0.00220860718814235	"gene-273987"
"gene-359383"	-4.53963564416839	4.55409493939185	19.6016871218388	7.39905431812401e-05	0.00225097092143618	"gene-359383"
"gene-134255"	-6.26279728454668	1.83597890390963	21.659638843526	7.555746439837e-05	0.00229205408477233	"gene-134255"
"gene-135898"	-3.05775332342561	2.56218934003032	19.507042819042	7.64739149991216e-05	0.00231322668027343	"gene-135898"
"gene-59359"	-3.25812343360957	4.91973032831698	19.4558772863306	7.7852913577847e-05	0.00234823018817284	"gene-59359"
"gene-78601"	-4.55089975277263	5.001167814744	19.4226542188268	7.87623562168045e-05	0.00236891211723667	"gene-78601"
"gene-119257"	-7.56516839052042	4.4835223988624	20.0754019840961	7.90282096570533e-05	0.00237017466186749	"gene-119257"
"gene-433"	-2.42333840380736	4.77773913683156	19.3621268404608	8.04481441563536e-05	0.00240498692115567	"gene-433"
"gene-353876"	-5.55160358726601	3.16180517524378	19.5940837349116	8.06432754331031e-05	0.00240498692115567	"gene-353876"
"gene-46583"	-7.669523092485	3.34381936735738	21.2903600551559	8.41304633469104e-05	0.00250193599846556	"gene-46583"
"gene-334636"	-1.8883632085821	3.35311404707057	19.1632990134047	8.62588696439431e-05	0.00255804664683593	"gene-334636"
"gene-408081"	-6.54078221375825	3.02720406374587	21.1245710570991	8.83148712821968e-05	0.00261170263202407	"gene-408081"
"gene-252936"	-4.77710660413747	4.1670917509453	19.0498936032984	8.97699333331201e-05	0.00264733783899093	"gene-252936"
"gene-58286"	-5.23570754509372	4.98605499307624	18.7898865929939	9.84012975295001e-05	0.00289381815818005	"gene-58286"
"gene-104966"	-4.29046211735255	2.95751845238933	18.6324732126204	0.000104048745056939	0.00305142399977233	"gene-104966"
"gene-261023"	-4.53138636466283	3.38325334761336	18.6170042332574	0.000104621882335821	0.00305975654223572	"gene-261023"
"gene-114185"	-5.62263550715067	-1.08777883472835	20.5359870736869	0.000105078141694181	0.00306463439701459	"gene-114185"
"gene-296201"	-3.50939519573943	0.717050311357806	18.4633415171848	0.000110499463036361	0.00321389509660976	"gene-296201"
"gene-418586"	-4.29994746699114	3.46699803849723	18.4501057818423	0.000111021770939517	0.00322023969571691	"gene-418586"
"gene-143831"	-4.24187921881875	3.84954720205943	18.4410248353815	0.0001113816289161	0.0032218505610239	"gene-143831"
"gene-336035"	-6.97466822440986	3.38465075988281	19.8499304644416	0.0001129142383927	0.00325728349281612	"gene-336035"
"gene-58265"	-4.1626701737283	4.68490387964227	18.3783028351219	0.000113901013415395	0.00327517712894625	"gene-58265"
"gene-280698"	-5.45405091011694	3.73539523391198	18.3721042078532	0.000114153240821873	0.00327517712894625	"gene-280698"
"gene-347217"	-5.04295987583938	5.7004310481336	18.3271375339611	0.000116000709166999	0.00331489839445107	"gene-347217"
"gene-329863"	-6.98111122755262	3.46487321594172	20.1998611056395	0.000116163908977174	0.00331489839445107	"gene-329863"
"gene-69348"	-5.55026812431031	3.73251315200137	18.2461052183038	0.000119410044743963	0.00339837135404392	"gene-69348"
"gene-8658"	-3.53792226054361	-1.27549957382847	18.4431834900357	0.000120135933644988	0.00340986361796108	"gene-8658"
"gene-248416"	-5.18030577446631	3.86926511756553	19.0891599190456	0.000121172855922596	0.00342669465741631	"gene-248416"
"gene-10049"	-3.19545866699199	3.22747458077987	18.2004750593615	0.000121376263014179	0.00342669465741631	"gene-10049"
"gene-63754"	-4.91671147315927	1.27650861641066	18.1874001001933	0.000121945942324682	0.00343362151965801	"gene-63754"
"gene-99641"	-5.7795868973942	2.77434495747515	18.7275125629173	0.000123908513236407	0.00347962713430726	"gene-99641"
"gene-145387"	-5.0942824147457	2.84141114814486	18.5920682662016	0.000129727869694979	0.00363153433754723	"gene-145387"
"gene-255416"	-5.27576731726855	3.4128366611049	18.0090682999615	0.000130003921217569	0.00363153433754723	"gene-255416"
"gene-160909"	-5.96352950178993	1.26999854666185	19.8136310481074	0.000130478904875064	0.00363521096292712	"gene-160909"
"gene-357693"	-5.18242297522059	2.18122121119774	17.9076359992793	0.000134836151176146	0.00374674627953244	"gene-357693"
"gene-73653"	-5.99951297902616	1.27043593325057	19.6252485219952	0.000138140429656911	0.0038285149968003	"gene-73653"
"gene-332768"	-4.42454595588536	1.50922197170338	17.818486557897	0.00013923978672237	0.00384890762932045	"gene-332768"
"gene-206855"	-3.07004329291408	3.62808330386532	17.7869621219065	0.000140833078356297	0.0038828119806201	"gene-206855"
"gene-372216"	-5.57247161583303	-0.840302467996877	19.5042194630276	0.000143317399644157	0.00394104236372127	"gene-372216"
"gene-287098"	-6.0409482678344	1.76270847549426	19.0544713293406	0.000144925939770883	0.00396484638259965	"gene-287098"
"gene-104942"	-6.88773470072077	1.1823398171338	19.4674328510549	0.000144932044022486	0.00396484638259965	"gene-104942"
"gene-183933"	-2.34203061806658	5.81273135654461	17.6666869905038	0.000147090936296024	0.00401353541898456	"gene-183933"
"gene-398804"	-3.82505013739693	4.35636728993032	18.3449799061055	0.00015503610334111	0.00421945302332218	"gene-398804"
"gene-186344"	-4.94234852565373	2.87447325685071	18.2992096654426	0.000157424606994862	0.00427347260065284	"gene-186344"
"gene-419122"	-1.95953641730513	3.49219738379596	17.4300925728878	0.000160273073409938	0.00433967014882611	"gene-419122"
"gene-26108"	-3.40583744813422	2.96779965334315	17.4218480915576	0.000160754321952017	0.00434159695537246	"gene-26108"
"gene-421620"	-2.20601176385957	1.56833013751655	17.4139976074718	0.000161213989763276	0.00434293259446261	"gene-421620"
"gene-207324"	-6.28830574382893	2.17344813209799	17.9480499612701	0.00016165787747512	0.00434383743357639	"gene-207324"
"gene-430128"	-2.91102043789849	1.64966023066418	17.3605092511256	0.00016438304408754	0.00440588174115136	"gene-430128"
"gene-347435"	-4.90436581977775	6.01805161772945	17.3340491257538	0.000165974988235714	0.00442214844141167	"gene-347435"
"gene-206319"	-4.86211455713793	2.80565694562763	17.5262984830563	0.000166145207748666	0.00442214844141167	"gene-206319"
"gene-168981"	-4.11116653798365	3.83032038651683	17.3296201035358	0.000166243041435897	0.00442214844141167	"gene-168981"
"gene-189724"	-6.03973582827545	2.3708515381796	19.0106883944962	0.000166696587532755	0.00442309967972249	"gene-189724"
"gene-285922"	-4.9569430977334	3.58122497669402	17.2584054873585	0.000170616409004302	0.00451578980532137	"gene-285922"
"gene-356770"	-5.40350405688216	3.7929398506628	17.1742789882629	0.000175939678470648	0.00464507076301433	"gene-356770"
"gene-226923"	-6.3573011062615	2.36319254089542	18.8110955141995	0.000177290831790802	0.00466577989056262	"gene-226923"
"gene-46480"	-3.77437369087545	-0.791652643760445	17.148504341471	0.000177605487474897	0.00466577989056262	"gene-46480"
"gene-254113"	-4.53978391066339	3.09075456840988	17.2629260836968	0.00018257076264558	0.00478434817853654	"gene-254113"
"gene-324167"	-6.04774393529044	2.20424565537947	18.6823959246717	0.000184505288739365	0.00482310491823126	"gene-324167"
"gene-420365"	-6.20103269170598	0.492653285824096	17.5277802496407	0.000186928850626486	0.00487442300882415	"gene-420365"
"gene-18874"	-2.40822187901199	0.463664352482511	16.9427607802496	0.000191514729052338	0.00498173571615996	"gene-18874"
"gene-357287"	-0.830266969599214	5.88676443727632	16.8149288217698	0.000200732256818507	0.00520870686994494	"gene-357287"
"gene-259165"	-2.77207052257578	3.64529393205439	16.7046525771359	0.000209060300155308	0.00541154375976588	"gene-259165"
"gene-210389"	-6.95528013019234	4.20016211552634	17.8918021143876	0.000210464501984134	0.00543460410367322	"gene-210389"
"gene-7080"	-3.18612822373146	4.46375045981037	16.630837891439	0.000214838032840857	0.00553403954668163	"gene-7080"
"gene-34402"	-7.59158349722887	5.03330928188783	18.1287176208237	0.000219354670154008	0.00563666964301089	"gene-34402"
"gene-340712"	-3.66038895778045	2.82378595104687	16.5526484148979	0.000221142471705239	0.00566885072141252	"gene-340712"
"gene-324122"	-4.3046958674358	3.19604532563687	17.271405400909	0.000222828647246773	0.00569827750821638	"gene-324122"
"gene-336721"	-2.45104717649945	1.51128708999879	16.5139095404048	0.000224338089506757	0.00571677252319153	"gene-336721"
"gene-304606"	-6.50033032377917	2.83648649137234	18.0526153133435	0.000224674380340318	0.00571677252319153	"gene-304606"
"gene-331515"	-6.12978955479919	1.88134296419962	16.9947701512065	0.000225171827918284	0.00571677252319153	"gene-331515"
"gene-188385"	-4.87486647126611	4.24685774881386	16.4533967798525	0.000229427808063176	0.00581089044010729	"gene-188385"
"gene-302424"	-6.83299665364187	0.420441377801842	16.9324467259211	0.000230159208618885	0.00581550248603372	"gene-302424"
"gene-219248"	-6.12168581245652	2.76129421166586	17.8973134612689	0.000235966597473787	0.00594804373203568	"gene-219248"
"gene-371922"	-5.20321363853033	-1.70555450829327	17.8527417592992	0.000239319313111029	0.00600535990383927	"gene-371922"
"gene-33226"	-5.17594237745522	4.15606411619517	16.8209745083868	0.000239374882348179	0.00600535990383927	"gene-33226"
"gene-95842"	-6.08811319735249	2.98952896701327	16.7691291979335	0.000243793987188675	0.00610176582119741	"gene-95842"
"gene-213743"	-6.78220143107784	1.68558066490721	17.6461440439857	0.000255544393003634	0.00638077473756951	"gene-213743"
"gene-206132"	-4.1574710042324	3.44014740849167	16.1543557164263	0.00025643339145242	0.00638453832895692	"gene-206132"
"gene-108545"	-7.56004169132875	-0.697521695971117	16.6210377226629	0.000256901230578601	0.00638453832895692	"gene-108545"
"gene-171856"	-4.52644716374599	2.00399761791077	16.3048949133708	0.000258401310308968	0.0064067790918994	"gene-171856"
"gene-118590"	-6.06562906175536	3.11793334820854	17.5713748311098	0.000261705246240268	0.00647353607931243	"gene-118590"
"gene-162742"	-6.05602180133843	1.95742767958812	17.164280810917	0.000267203955751379	0.00659414517375256	"gene-162742"
"gene-253041"	-4.03724994343607	4.02031786130877	16.0143566784851	0.000270211691587219	0.00665286320659045	"gene-253041"
"gene-42287"	-3.53092250318806	3.02830131313991	15.8405170315237	0.000288417274416477	0.007084625717511	"gene-42287"
"gene-300888"	-4.40430133641256	2.72856967278161	16.2589192696399	0.000292212052818585	0.00716122454442213	"gene-300888"
"gene-357892"	-4.14218756347025	3.05746611588666	15.8541535114841	0.000305036344999526	0.00745824430602767	"gene-357892"
"gene-14813"	-4.16989567403606	-0.954059738217931	15.5392422853415	0.000323105422424271	0.00788183665254783	"gene-14813"
"gene-199548"	-3.46552765258547	1.4868636215338	15.532502392745	0.000323930085621705	0.00788378808385515	"gene-199548"
"gene-45765"	-1.22885121363123	4.48189830087558	15.4877642065691	0.000329460730069623	0.00800000171845665	"gene-45765"
"gene-144820"	-4.69605462769864	3.56883862697666	15.6389792886973	0.000330369642658107	0.00800371488975144	"gene-144820"
"gene-21552"	-4.03375972324375	1.93513834020326	16.1020927519881	0.000334192628385671	0.00807784784639065	"gene-21552"
"gene-101771"	-3.65972863289114	4.18258182024452	15.4405982355384	0.000335399677129309	0.008088556678287	"gene-101771"
"gene-76715"	-4.31737807842861	4.30669276326042	15.3493822045121	0.00034720846712834	0.0083543091851994	"gene-76715"
"gene-358511"	-4.75974179972314	3.39941077508203	15.3347517038272	0.000349143045164551	0.00838180820670544	"gene-358511"
"gene-348108"	-6.44554354531777	3.40131257014419	16.6554178794897	0.000351671491709439	0.00842340742698605	"gene-348108"
"gene-118573"	-6.38568661124791	3.15419269959365	16.6374747885641	0.000353737187946576	0.00845375983925598	"gene-118573"
"gene-366123"	-3.51761505731379	4.56930065339529	15.2808947516939	0.000356363210185037	0.00849733627529051	"gene-366123"
"gene-357595"	-6.85167469186314	1.70970686357902	16.2323941901826	0.000365020424714983	0.00868420502574725	"gene-357595"
"gene-179514"	-7.16850414954084	3.59638502069058	16.5075793750588	0.000369087264190903	0.00876127099997555	"gene-179514"
"gene-62933"	-6.66769536041151	3.86291449653805	16.4715645823014	0.000373469298073718	0.00884545740202787	"gene-62933"
"gene-266926"	-6.4761921059014	2.99938688740464	15.7406119152581	0.000379659633671253	0.00897200120910169	"gene-266926"
"gene-402450"	-3.56690449715382	4.95334965338071	15.0787779288473	0.000384898261893427	0.00907554097698377	"gene-402450"
"gene-16026"	-7.14902757155901	3.95332471881808	16.3084159668055	0.000394034864214917	0.0092703269054296	"gene-16026"
"gene-419274"	-5.71485263281602	2.1819329764857	15.2873681252187	0.00041501432745805	0.00974225429001857	"gene-419274"
"gene-76840"	-4.73086666705367	3.24879043834444	14.845049949871	0.000420934460126244	0.00985936533043484	"gene-76840"
"gene-89251"	-6.78315197926611	2.45101932386184	15.7844182313048	0.000425168017392296	0.00993654260514843	"gene-89251"
"gene-106824"	-3.8947694226144	3.68286012697571	14.7327015377717	0.000439509753857667	0.0102490963966765	"gene-106824"
"gene-249793"	-4.83285631686848	2.97238423470819	15.0272583624896	0.000456500461831847	0.0106219129437665	"gene-249793"
"gene-336052"	-6.23985151088595	3.23207958983511	15.7966651855969	0.000466871291232246	0.0108393999128855	"gene-336052"
"gene-286572"	-3.90465769156041	4.0658445609623	14.5315677634715	0.000474962270934733	0.0110031193925296	"gene-286572"
"gene-357898"	-3.72603659565017	4.43379206367016	14.5048228579157	0.00047989944239833	0.0110932213901116	"gene-357898"
"gene-341956"	-4.6829170883811	0.854086345020534	15.039683672142	0.00048774055977269	0.0112499113427309	"gene-341956"
"gene-166071"	-2.85092732647363	4.24682801679607	14.4564194834258	0.000488973287077256	0.0112538265006237	"gene-166071"
"gene-64119"	-7.16866900489885	4.79503393106916	15.3453595524639	0.000494555318232749	0.0113576077096098	"gene-64119"
"gene-165465"	-5.84729572190323	2.98995608032275	15.5861344975577	0.000500943118370419	0.0114794043164234	"gene-165465"
"gene-48523"	-2.69924342601389	3.42799210053091	14.3683288198512	0.000505955671498177	0.0115692282811041	"gene-48523"
"gene-104716"	-6.07682281194271	2.8917107817059	15.493531306033	0.000516770848171949	0.0117910624344751	"gene-104716"
"gene-294758"	-2.51766727020935	4.40356826796918	14.2834952265993	0.000522900490100221	0.0119052634165399	"gene-294758"
"gene-402785"	-4.99501323923601	-1.25875901646764	15.3756142894131	0.000537710575548521	0.0122161842560777	"gene-402785"
"gene-10198"	-2.22212673843888	7.20923030845133	14.162101949001	0.000548199091220531	0.0124278025240937	"gene-10198"
"gene-184749"	-5.11289260494539	0.671674270364723	15.2798414102542	0.000555391760238895	0.0125639584736094	"gene-184749"
"gene-147823"	-5.24860375332667	1.32081010830153	14.982774883054	0.00056103720583745	0.0126594813344658	"gene-147823"
"gene-105121"	-5.04277777434765	2.82721471644108	14.09832567407	0.000562005877698964	0.0126594813344658	"gene-105121"
"gene-151619"	-2.75464734028761	1.8179988476955	14.0919041764872	0.000563416290319533	0.012664306296418	"gene-151619"
"gene-272210"	-6.75534982644648	3.53435273597365	14.9217675864935	0.000573137327670799	0.012855518830616	"gene-272210"
"gene-233537"	-5.5704522101497	1.53007514925273	15.16555646411	0.000577315532514342	0.0129218594983707	"gene-233537"
"gene-362278"	-3.71122247833403	2.08388722608849	13.9981947435327	0.00058442996428755	0.0130535021770302	"gene-362278"
"gene-160317"	-1.93238879884653	3.37702385265195	13.9454864019671	0.000596612252391993	0.0132975450864716	"gene-160317"
"gene-125470"	-2.82846540722356	5.36235768003979	13.9300481121341	0.000600231085775286	0.0133500976997961	"gene-125470"
"gene-293139"	-6.56808406029641	2.441175013089	14.8614098732149	0.000640341890767236	0.0142123681290414	"gene-293139"
"gene-218286"	-4.04148774167405	4.72487555564349	13.7401032046192	0.000646705535016464	0.0143235805422998	"gene-218286"
"gene-246947"	-5.7160162918372	2.79556974760448	14.7908171988648	0.000656007906749325	0.0144992812291338	"gene-246947"
"gene-71665"	-4.66142027506676	-0.893589039397215	13.9435058142804	0.000683327872037196	0.0150716503776204	"gene-71665"
"gene-118973"	-6.07163711232763	2.36484469284909	14.6253989562445	0.000694361829075676	0.0152753326696259	"gene-118973"
"gene-226108"	-2.37627785810036	2.51640343168059	13.5558114051793	0.000695448223931206	0.0152753326696259	"gene-226108"
"gene-359591"	-3.58409629493121	3.09813417061043	13.5367818078998	0.000700698231526062	0.0153587829754998	"gene-359591"
"gene-219239"	-3.90848976945182	1.6827249545897	13.859308432111	0.000705396087988034	0.0154298107097713	"gene-219239"
"gene-170750"	-2.62292418197765	2.09641513554215	13.4499094239101	0.000725203404618689	0.0158303679272125	"gene-170750"
"gene-69862"	-1.79795350342865	2.96889090989162	13.3943459684452	0.000741351094292995	0.016149555628148	"gene-69862"
"gene-252927"	-2.85908321224191	3.33505586055591	13.3023318602694	0.000768934312377807	0.016716031961281	"gene-252927"
"gene-186909"	-5.87342915122353	2.56828867947879	14.3092844556679	0.000774559593495988	0.0168038164269304	"gene-186909"
"gene-111809"	-6.9870201554852	1.06606905012044	13.7346160801347	0.000786722990100332	0.0170327940617428	"gene-111809"
"gene-31203"	-4.3708451614419	1.29437385484292	13.4288759595471	0.000830713728549564	0.0179485025390903	"gene-31203"
"gene-331179"	-3.70902903788745	0.953741353499117	13.5639076631574	0.000838476009264107	0.0180793187577986	"gene-331179"
"gene-360831"	-5.85116864164273	3.21497270963934	14.0430837513936	0.000849867263248809	0.0182876925122259	"gene-360831"
"gene-54550"	-4.7918007045561	3.29606055008372	13.1467532200101	0.000856665951305733	0.0183965972139428	"gene-54550"
"gene-101238"	-4.18766913412941	2.43055616264371	13.2620675963761	0.000885480512698552	0.0189768870201206	"gene-101238"
"gene-8990"	-3.04869948681732	3.74231509405481	12.9154580479184	0.00089736127589631	0.0191856540746969	"gene-8990"
"gene-422274"	-3.42848209192246	0.920145386513221	13.378468156493	0.000898846171819182	0.0191856540746969	"gene-422274"
"gene-108560"	-5.90289016528008	0.969887632625209	12.9663701311985	0.00091982996611289	0.019594043966272	"gene-108560"
"gene-430140"	-7.85071022574532	0.545030503704108	13.7706625568465	0.000935190336686041	0.0198812451696689	"gene-430140"
"gene-182736"	-0.698643165498758	4.69567421054013	12.8017114791824	0.000939301775669977	0.0199286330641644	"gene-182736"
"gene-238199"	-4.43277162474375	2.40119427899725	12.7843952675316	0.000945866456237961	0.0200277763443826	"gene-238199"
"gene-407292"	-2.33891175115572	0.826324753256965	12.7772931614769	0.000948572938671056	0.0200449934165878	"gene-407292"
"gene-115518"	-3.26552814990389	3.03150488096038	12.6996646364843	0.000978696157244796	0.0206403510293838	"gene-115518"
"gene-286274"	-5.70689460821647	2.69427953539549	12.9545183946926	0.000996799638372136	0.0209803534223575	"gene-286274"
"gene-218232"	-5.84892856720088	1.65209793079738	13.5522164973652	0.00101029430207295	0.0211939227969585	"gene-218232"
"gene-180343"	-3.82810866958773	2.56611532641579	12.9180680310355	0.0010109503176031	0.0211939227969585	"gene-180343"
"gene-115136"	-0.823954488878564	4.36037975898639	12.608419009971	0.00101540348328507	0.0212076888793273	"gene-115136"
"gene-277647"	-1.96756196527124	4.23467149722462	12.6071882871422	0.00101590844347086	0.0212076888793273	"gene-277647"
"gene-149137"	-6.31865528872689	5.30087129617864	12.6030300785615	0.00101761650615833	0.0212076888793273	"gene-149137"
"gene-311952"	0.741617659549345	6.2365742780624	12.4261775763429	0.00109315235517697	0.0227371394582683	"gene-311952"
"gene-39611"	-14.0266168163521	7.68654381732153	12.3995125383154	0.00110504694591328	0.0229394745419292	"gene-39611"
"gene-61384"	-3.04628101629581	3.27958498116162	12.3627296737062	0.00112168030528828	0.0232391964620099	"gene-61384"
"gene-14094"	-0.622592495493886	4.99322393562535	12.3406608227461	0.00113178704192302	0.0233919449630226	"gene-14094"
"gene-421725"	-6.20431819363694	2.99316337189393	13.2293825051644	0.00113347197185516	0.0233919449630226	"gene-421725"
"gene-172049"	-5.42105772606384	1.346329700246	13.1186546815196	0.00117938163467095	0.0242920493507031	"gene-172049"
"gene-169536"	-2.91973166672721	2.55463504621725	12.2208867520976	0.00118834787998381	0.0244292019522109	"gene-169536"
"gene-12117"	-2.91025107314269	2.21354315083713	12.2058294095315	0.00119566751530773	0.0245320387297731	"gene-12117"
"gene-152610"	-5.31282664642411	1.96420779218298	12.4611605069423	0.00120769283291635	0.0247308395011323	"gene-152610"
"gene-270837"	-1.45667666990956	2.89282515832997	12.1403472674029	0.00122805954775375	0.0250993560464653	"gene-270837"
"gene-56282"	-3.72235048185243	3.1959283499506	12.1232674733391	0.00123666039330307	0.0251809399399897	"gene-56282"
"gene-341043"	-3.67195375525279	0.690358584523338	12.4003577263956	0.00123680823356896	0.0251809399399897	"gene-341043"
"gene-246615"	-7.96590336580254	2.40701451509048	12.1162973652337	0.00124018863574513	0.0252012995904677	"gene-246615"
"gene-220105"	-2.53225042208304	3.41916403560039	12.0814946043045	0.00125796594680051	0.0255135737141322	"gene-220105"
"gene-183526"	-3.97686885407223	2.16378012671639	12.0568880413845	0.00127069783987067	0.0257225201352024	"gene-183526"
"gene-355061"	-4.61618834401049	0.929139380897199	12.3998966288127	0.00130460900132748	0.0263585791928513	"gene-355061"
"gene-197659"	-2.4553246488808	4.48904668892969	11.9200872250558	0.00134401573168446	0.0270632055457681	"gene-197659"
"gene-288903"	-3.74935601915734	2.8195342942415	11.917093511063	0.00134566946676509	0.0270632055457681	"gene-288903"
"gene-152584"	-5.73796630866949	2.33666819661875	12.7503103720927	0.00134715304832528	0.0270632055457681	"gene-152584"
"gene-194969"	-5.60713073975666	1.79687473690799	12.7080562114876	0.00136799013932798	0.0274297568277753	"gene-194969"
"gene-218211"	-5.7398746578982	2.36472495789813	12.7016438803318	0.0013711826279651	0.0274417967528667	"gene-218211"
"gene-177979"	-3.46963346615544	4.16188273383781	11.8488870015741	0.00138393709488822	0.0276447962709087	"gene-177979"
"gene-213699"	-6.3166773911942	3.27773017622079	12.5913335703339	0.00142738241196459	0.0284589408577572	"gene-213699"
"gene-184811"	-3.89694646398759	1.93874521210728	12.1277436485072	0.00144955863124973	0.0288467617087235	"gene-184811"
"gene-252900"	-7.13917007360622	-0.138175281726056	12.5403955713266	0.00145416989251857	0.0288842338688445	"gene-252900"
"gene-31079"	-3.26623344505445	2.36404205504265	11.7032768581339	0.00146954527357251	0.0291260608882824	"gene-31079"
"gene-347049"	-3.08616253333834	4.16551589818851	11.699487277297	0.00147184684757071	0.0291260608882824	"gene-347049"
"gene-297257"	-6.58276202444241	1.98819860387804	12.1598782564315	0.00156347378047882	0.0308522475578507	"gene-297257"
"gene-229820"	-3.73529308678829	3.91482199547015	11.5513094394616	0.00156490572764389	0.0308522475578507	"gene-229820"
"gene-53233"	-3.61146919462924	2.14961917567372	11.5804565475518	0.00160591240686093	0.031601848794492	"gene-53233"
"gene-64072"	-5.47557723525322	2.33673039222541	11.8375300063695	0.00162332105684758	0.0318851577529598	"gene-64072"
"gene-233799"	-2.80084939781309	2.05325818151486	11.3908003253044	0.00167278791598	0.0327959364194078	"gene-233799"
"gene-101990"	-4.85036892992497	2.98539026194291	11.7373880216029	0.00168834967134152	0.0330398483742934	"gene-101990"
"gene-130096"	-7.7891011242257	6.72480686367543	11.3615172186702	0.00169330651243662	0.0330757122641447	"gene-130096"
"gene-15807"	-3.31251369539629	0.559880485121494	11.3474465807731	0.00170326055439199	0.0332088756709908	"gene-15807"
"gene-364777"	-3.80839010104974	0.406982215825486	11.338262731698	0.00170979097412072	0.0332749210349561	"gene-364777"
"gene-156645"	-2.02294272134365	3.24941266111132	11.3247167101734	0.00171947174466704	0.0334019217629173	"gene-156645"
"gene-207502"	-3.30696019799725	2.54373278271426	11.5024675774043	0.00176616743461922	0.0342461806416002	"gene-207502"
"gene-22862"	-5.14908155380495	0.221939014395051	11.996991518115	0.00177633666948511	0.0343803954658846	"gene-22862"
"gene-275720"	-3.31661874410735	3.81283017683095	11.3298119890546	0.00177993312245281	0.0343871386266568	"gene-275720"
"gene-258455"	-3.53633880507915	3.35806415787439	11.2036731333622	0.0018086019175087	0.0348773561032142	"gene-258455"
"gene-69615"	-3.59789723404777	4.22420395567122	11.1518544591141	0.001848244854197	0.0355770332206976	"gene-69615"
"gene-105400"	2.32967820765726	4.03661844723004	11.1366718707244	0.00186003384608666	0.0357389806325218	"gene-105400"
"gene-247117"	-5.95146520162228	1.96882299131599	11.8492475556321	0.0018767326234891	0.0359945077624622	"gene-247117"
"gene-375932"	-3.48715845284227	3.26803902295181	11.0626777983926	0.00191864167147554	0.0367317529401655	"gene-375932"
"gene-290633"	-4.0045461993227	3.60844952947382	10.9936353066796	0.00197509648556586	0.0377427035256556	"gene-290633"
"gene-361821"	-4.39281681936598	2.60541496646232	11.2207575450815	0.0019785775438499	0.0377427035256556	"gene-361821"
"gene-291432"	-5.8766871361598	2.85273466269863	11.1962754648696	0.0019982847007392	0.0380500721703704	"gene-291432"
"gene-401657"	-5.63915121595948	1.77994910366775	11.497457902786	0.00201257273397921	0.0382533348916299	"gene-401657"
"gene-196757"	-2.63767769523294	2.36353062816946	10.9273722228328	0.00203093842880599	0.0385332350282599	"gene-196757"
"gene-409357"	-3.23656343561198	3.184624942027	10.8646258698286	0.00208536287773717	0.0394950568633334	"gene-409357"
"gene-221869"	-1.7672746035449	2.03359254172732	10.7799340339495	0.00216128935463216	0.0408599471383761	"gene-221869"
"gene-71829"	-3.06050186212201	2.37353507716905	10.6694594368004	0.00226476832368173	0.042739932696646	"gene-71829"
"gene-277158"	-6.34849693457652	2.59485594214552	11.325758328974	0.00228498026853114	0.043044637193842	"gene-277158"
"gene-292255"	-4.75939589665253	1.04436989449574	10.9683912825896	0.0022912130829826	0.043085387050687	"gene-292255"
"gene-367677"	-0.877221109404537	3.38682158847463	10.5946407806458	0.00233782799449187	0.0438840159178819	"gene-367677"
"gene-158197"	-5.6310435375424	3.9226594856276	10.5537676948172	0.00237879337180241	0.0445739565084462	"gene-158197"
"gene-206270"	-1.36898144686488	2.62286301037459	10.5393651567384	0.00239340945983243	0.0447685970870069	"gene-206270"
"gene-204669"	-5.95519317811253	1.74868713339289	10.4974853898059	0.00243645456071299	0.0454933764272811	"gene-204669"
"gene-104386"	-2.86523108920642	2.29113256075961	10.4297115434457	0.00250786509936027	0.0467443095192381	"gene-104386"
"gene-107443"	-8.20870215227155	2.03932232327933	10.9784614519001	0.00260836540810489	0.0485320994298883	"gene-107443"
"gene-152968"	-5.62589576538699	-1.17451860497732	10.9678224513552	0.00261902381696863	0.0486449213162226	"gene-152968"
"gene-108266"	-7.16815656550773	2.37521576919934	10.9369916044025	0.00265017824239892	0.049137367867386	"gene-108266"
"gene-39545"	-6.99797617773179	5.65821004112933	10.2656066012398	0.00269014506776708	0.0497911990077798	"gene-39545"
